0:40.8064016&-73.9625207*140;14.9,106;10.4,122;33.9
1:40.8070477&-73.9620971*157;23.2,138;13.3,14;6.2
2:40.8072165&-73.9624922*157;3.8,3;9.2,158;52.8
3:40.8072742&-73.9626278*160;4.5,158;52.9,2;9.2
4:40.8069293&-73.9634346*132;34.4,5;10.3,194;6.6
5:40.8068132&-73.9635137*4;10.3,210;39.4,122;33.3
6:40.8074363&-73.9630189*160;22.0,124;6.0,163;6.9
7:40.8100317&-73.9617808*9;3.7,91;1.8
8:40.8080956&-73.96266*50;13.7,13;9.0,61;25.2
9:40.8100568&-73.9618332*7;3.7
10:40.8085551&-73.9610401*76;11.2,72;4.6,67;16.7
11:40.8077689&-73.9627297*32;7.3,104;28.7,17;6.6
12:40.8099091&-73.9614871*100;20.2,91;18.1,29;16.9
13:40.8080406&-73.9625272*8;9.0,116;11.7,114;15.4
14:40.8071166&-73.9620447*156;23.3,200;1.9,25;8.9,1;6.2
15:40.807641&-73.961565*30;7.2,41;13.9,153;17.5
16:40.8073263&-73.9619458*21;7.5,33;2.5,23;28.8
17:40.8078423&-73.9626742*11;6.6,50;12.8,190;10.3
18:40.8082856&-73.96235*35;21.4,114;6.5,66;11.4
19:40.8077039&-73.9628279*20;8.6,32;2.4,125;48.2
20:40.8076068&-73.9628965*126;48.6,24;31.3,19;8.6,124;9.3
21:40.80741&-73.961884*16;7.5,34;7.4,104;28.9
22:40.8096048&-73.9613835*31;52.7,29;18.0,26;17.0
23:40.8075087&-73.9623663*24;8.4,104;7.3,16;28.8,32;29.0
24:40.8074146&-73.9624345*20;31.3,25;31.4,128;9.3,23;8.4
25:40.8072168&-73.9619748*24;31.4,130;49.3,14;8.9,33;8.3
26:40.8095024&-73.9615551*177;28.8,100;21.6,22;17.0
27:40.8087386&-73.9620223*28;15.1,169;0.6,146;21.1
28:40.8089069&-73.9619006*27;15.1,81;10.9,84;8.3
29:40.8098059&-73.961238*12;16.9,202;42.3,22;18.0
30:40.8076858&-73.961671*120;11.5,15;7.2,118;15.1
31:40.8092831&-73.9606046*22;52.7,90;6.5,86;18.1
32:40.8076884&-73.9627923*11;7.3,23;29.0,19;2.4
33:40.8073103&-73.9619089*16;2.5,25;8.3,129;49.5
34:40.807494&-73.9618271*192;10.2,21;7.4,41;12.0
35:40.8085251&-73.9621767*75;7.6,18;21.4,74;11.0
36:40.8071662&-73.9609163*42;35.5,40;43.6,170;26.8
37:40.8071801&-73.9598322*39;22.4,38;9.8,199;82.0
38:40.8072898&-73.9597532*144;20.0,144;51.8,37;9.8
39:40.8073184&-73.9601615*37;22.4,40;22.0,144;11.9
40:40.8074543&-73.9604851*36;43.6,39;22.0,42;14.8
41:40.8074873&-73.9616809*15;13.9,167;24.0,34;12.0
42:40.8075619&-73.9606263*36;35.5,40;14.8,43;21.3
43:40.8076937&-73.9609402*92;19.4,46;24.8,45;20.1,42;21.3
44:40.807716&-73.9606095*45;5.4
45:40.8077499&-73.9606878*44;5.4,48;17.5,43;20.1
46:40.8078469&-73.9613049*51;10.5,43;24.8,47;1.6
47:40.8078568&-73.9613286*46;1.6,49;11.4,105;6.0
48:40.8079187&-73.9607614*63;36.1,52;12.6,45;17.5
49:40.807927&-73.9614957*54;10.6,118;6.5,47;11.4
50:40.8079422&-73.962771*8;13.7,56;23.6,17;12.8
51:40.8079628&-73.961217*173;4.5,54;13.2,46;10.5,55;10.0
52:40.8079961&-73.9609469*68;36.1,48;12.6,55;12.3
53:40.8080504&-73.9631447*56;3.9
54:40.8080454&-73.9614097*57;9.9,49;10.6,51;13.2
55:40.808072&-73.9611287*51;10.0,57;13.6,52;12.3
56:40.808094&-73.9631131*58;19.0,50;23.6,61;15.1,53;3.9
57:40.8081558&-73.9613295*60;8.8,54;9.9,55;13.6
58:40.808206&-73.9633966*56;19.0
59:40.8082467&-73.9602888*63;12.2
60:40.8082543&-73.9612578*67;10.3,57;8.8,64;11.2
61:40.8082624&-73.9629896*62;1.3,56;15.1,8;25.2
62:40.8082772&-73.9629785*65;9.3,71;19.2,61;1.3
63:40.8083216&-73.9604687*59;12.2,68;12.5,48;36.1
64:40.8083229&-73.9614234*60;11.2,69;10.6,112;6.5
65:40.8083362&-73.9631139*62;9.3
66:40.8083599&-73.9625157*71;20.7,18;11.4,70;10.3
67:40.808369&-73.9611748*10;16.7,60;10.3,171;7.0,69;11.3
68:40.8083986&-73.9606537*63;12.5,72;21.4,52;36.1
69:40.8084419&-73.9613393*64;10.6,76;16.0,67;11.3,77;35.9
70:40.8084738&-73.9624309*95;6.2,74;10.6,66;10.3
71:40.8084903&-73.9628185*66;20.7,62;19.2,78;19.5
72:40.8085277&-73.9609708*68;21.4,10;4.6,82;32.4
73:40.8085429&-73.9619547*75;10.9,77;10.7,113;6.8
74:40.8085904&-73.9623404*35;11.0,79;22.5,70;10.6
75:40.8086096&-73.9621157*169;10.9,35;7.6,73;10.9
76:40.8086201&-73.9612085*201;17.5,10;11.2,69;16.0
77:40.8086626&-73.9618689*73;10.7,81;15.9,169;10.9,69;35.9
78:40.8086784&-73.9628968*79;16.1,71;19.5,189;12.9
79:40.8087348&-73.9626673*74;22.5,147;12.8,78;16.1
80:40.808802&-73.9604978*82;14.2
81:40.8088402&-73.9617397*28;10.9,201;18.5,77;15.9
82:40.8088886&-73.9607072*80;14.2,72;32.4,86;25.7
83:40.8089399&-73.9625099*148;5.4,147;5.8,146;11.9,96;8.4
84:40.8089771&-73.9619351*177;18.2,85;27.3,28;8.3
85:40.8091457&-73.9623366*154;1.2,84;27.3,87;5.1
86:40.8091452&-73.9604732*89;12.3,82;25.7,31;18.1
87:40.8092034&-73.962298*85;5.1
88:40.8092631&-73.9626163*154;17.8
89:40.8092828&-73.9603737*86;12.3,172;7.9,90;12.0
90:40.8093561&-73.9605519*31;6.5,89;12.0,202;48.6
91:40.8100198&-73.9617541*7;1.8,12;18.1,100;38.5
92:40.8074782&-73.961101*43;19.4,94;3.5,168;6.4
93:40.8067733&-73.9617304*155;2.7
94:40.8074585&-73.9610484*92;3.5
95:40.8085139&-73.9625205*70;6.2
96:40.8089919&-73.962634*83;8.4
97:40.8080943&-73.9636112*184;3.1
98:40.8082575&-73.9634923*188;3.2
99:40.8075558&-73.9640046*183;3.0
100:40.8096834&-73.9616503*12;20.2,26;21.6,91;38.5
101:40.8079864&-73.9620229*103;10.6
102:40.8076717&-73.9622458*104;7.4,164;13.8,191;13.7,103;17.5
103:40.8078665&-73.9621037*101;10.6,116;16.9,120;17.8,102;17.5
104:40.8075899&-73.962308*102;7.4,21;28.9,23;7.3,11;28.7
105:40.8077893&-73.9613745*47;6.0
106:40.8065193&-73.9624385*107;22.3,0;10.4,138;35.0
107:40.8063821&-73.9621107*106;22.3,108;3.9,111;6.0
108:40.8064249&-73.9620785*109;11.0,107;3.9,149;24.5
109:40.8063577&-73.9619163*176;4.5,108;11.0,150;24.4
110:40.8062498&-73.9619956*111;11.0,176;5.2,162;28.8
111:40.8063152&-73.9621585*107;6.0,110;11.0,141;19.4
112:40.8082893&-73.9615226*64;6.5
113:40.8084597&-73.9619231*73;6.8
114:40.8082127&-73.9624027*18;6.5,13;15.4,115;11.8
115:40.8081368&-73.9622321*116;15.0,114;11.8,117;5.5
116:40.8079689&-73.9623541*13;11.7,115;15.0,103;16.9
117:40.8081536&-73.9621427*115;5.5
118:40.807854&-73.9615487*49;6.5,30;15.1,119;11.8
119:40.8079238&-73.9617254*120;14.8,118;11.8,121;5.2
120:40.8077568&-73.9618407*30;11.5,119;14.8,103;17.8
121:40.8079881&-73.9617452*119;5.2
122:40.8066051&-73.9630243*123;2.9,0;33.9,5;33.3,158;6.1
123:40.8065728&-73.9630476*122;2.9
124:40.8075024&-73.9629692*20;9.3,165;3.0,159;21.9,6;6.0
125:40.807991&-73.9635455*126;7.8,186;5.6,19;48.2
126:40.8079055&-73.9636122*20;48.6,127;8.6,125;7.8,185;5.4
127:40.8078094&-73.9636803*165;45.6,126;8.6,187;5.4
128:40.8073098&-73.9625084*24;9.3,159;9.4,156;8.2
129:40.8070001&-73.9611833*130;7.9,182;5.3,33;49.5
130:40.8069127&-73.9612481*25;49.3,131;8.0,129;7.9
131:40.8068233&-73.961314*200;47.2,130;8.0
132:40.8073126&-73.9631524*137;21.7,4;34.4,163;5.7
133:40.807514&-73.9636364*134;1.8
134:40.8075028&-73.9636097*133;1.8,137;9.3,135;34.3
135:40.8071259&-73.9639015*136;9.5,134;34.3,181;20.0
136:40.8070679&-73.9637608*194;15.7,135;9.5,137;34.2
137:40.8074451&-73.9634726*134;9.3,132;21.7,136;34.2
138:40.8069096&-73.9621545*151;22.2,106;35.0,1;13.3,200;17.4
139:40.8066565&-73.9615432*142;8.1
140:40.8062358&-73.9626418*0;14.9,206;5.3,209;25.3,143;6.5
141:40.8060978&-73.9623122*111;19.4,145;2.9,162;8.1
142:40.8067057&-73.9616622*139;8.1,155;6.1,150;6.8
143:40.8061956&-73.9625466*145;13.0,145;32.2,140;6.5
144:40.8074119&-73.9600478*38;20.0,38;51.8,39;11.9
145:40.8061162&-73.9623548*141;2.9,143;13.0,143;32.2
146:40.8088673&-73.9623343*27;21.1,83;11.9,147;17.8,148;17.1
147:40.8088753&-73.9625579*83;5.8,79;12.8,146;17.8
148:40.808999&-73.9624645*154;13.8,83;5.4,146;17.1
149:40.8066973&-73.9618787*150;11.0,108;24.5,151;6.8
150:40.8066298&-73.9617171*109;24.4,149;11.0,142;6.8
151:40.8067737&-73.9618264*155;5.0,138;22.2,149;6.8
152:40.8076269&-73.9613219*153;7.2
153:40.807556&-73.9613143*168;8.0,15;17.5,152;7.2
154:40.8091531&-73.9623543*88;17.8,85;1.2,148;13.8
155:40.806743&-73.9617523*142;6.1,151;5.0,93;2.7
156:40.8072594&-73.962388*128;8.2,14;23.3,157;6.0
157:40.8071928&-73.9624364*2;3.8,1;23.2,156;6.0
158:40.8066729&-73.9629748*122;6.1,3;52.9,2;52.8
159:40.8073675&-73.9626465*124;21.9,128;9.4,160;5.9
160:40.8073015&-73.9626948*6;22.0,3;4.5,159;5.9
161:40.8060112&-73.9622828*162;1.8
162:40.8060309&-73.9622678*161;1.8,110;28.8,141;8.1
163:40.8073683&-73.9630911*6;6.9,132;5.7,165;13.2
164:40.8077563&-73.9624493*102;13.8,190;7.2,190;7.4
165:40.8075206&-73.963014*127;45.6,124;3.0,163;13.2
166:40.8072781&-73.9613481*170;4.8
167:40.8073389&-73.9613273*170;1.1,41;24.0,168;15.2
168:40.8075058&-73.961198*153;8.0,92;6.4,167;15.2
169:40.8087318&-73.9620272*27;0.6,75;10.9,77;10.9
170:40.8073318&-73.9613104*167;1.1,36;26.8,166;4.8
171:40.8083255&-73.9610717*67;7.0
172:40.8093715&-73.9603095*89;7.9
173:40.8079343&-73.9611511*51;4.5
174:40.8087738&-73.9614334*201;4.2
175:40.8062113&-73.9617068*176;16.5
176:40.8063078&-73.961953*110;5.2,109;4.5,175;16.5
177:40.8091803&-73.9617881*26;28.8,84;18.2,178;20.0
178:40.8093895&-73.9616879*177;20.0
179:40.8072013&-73.9642283*181;2.7,207;45.2
180:40.8073123&-73.9641446*181;7.4,183;21.8
181:40.8072307&-73.9642056*180;7.4,179;2.7,135;20.0
182:40.8069672&-73.961105*129;5.3,195;61.2
183:40.807556&-73.9639681*180;21.8,187;25.7,99;3.0
184:40.8080681&-73.9635972*186;3.7,188;17.5,97;3.1
185:40.807939&-73.9636908*187;8.6,186;7.8,126;5.4
186:40.8080263&-73.9636275*185;7.8,184;3.7,125;5.6
187:40.8078429&-73.9637603*183;25.7,185;8.6,127;5.4
188:40.808264&-73.9634554*184;17.5,189;44.8,98;3.2
189:40.8087608&-73.9630855*188;44.8,205;37.7,78;12.9
190:40.8077843&-73.9625186*164;7.4,164;7.2,17;10.3
191:40.8075849&-73.9620458*102;13.7,192;7.4,192;7.2
192:40.807557&-73.9619764*34;10.2,191;7.4,191;7.2
193:40.8069321&-73.9635608*194;3.6
194:40.8069711&-73.9635305*4;6.6,136;15.7,193;3.6
195:40.8076505&-73.9606104*182;61.2,196;8.1
196:40.8075989&-73.9604917*197;8.4,195;8.1
197:40.807546&-73.9603682*196;8.4
198:40.8067376&-73.9597647*199;12.4
199:40.8068181&-73.9599441*198;12.4,37;82.0
200:40.8071048&-73.9620163*14;1.9,131;47.2,138;17.4
201:40.8087271&-73.9614667*81;18.5,76;17.5,174;4.2
202:40.8097787&-73.9607034*90;48.6,29;42.3
203:40.8098277&-73.9623181*204;47.6,208;10.0
204:40.809296&-73.9627047*205;10.0,203;47.6
205:40.8091851&-73.9627888*189;37.7,204;10.0
206:40.8062681&-73.9627203*140;5.3
207:40.8067004&-73.9646027*179;45.2,210;52.2
208:40.8099398&-73.962238*203;10.0
209:40.805953&-73.9628471*210;67.5,140;25.3
210:40.8063746&-73.9638374*207;52.2,209;67.5,5;39.4
