0:40.7907204&-73.9635764*1233;1.8,481;22.2,1303;8.1,243;4.0
1:40.7742666&-73.973425*19;2.6,994;13.1,938;1.7,1052;9.0
2:40.7747759&-73.9743601*1003;0.8,1004;0.7,1002;0.9,442;9.7
3:40.7676861&-73.9785915*363;12.5
4:40.7783652&-73.9730123*586;1.4,1289;2.7
5:40.7908584&-73.9636781*247;0.4
6:40.7678551&-73.9788872*417;1.8,1256;0.7,3;3.5
7:40.7825726&-73.9693772*562;23.6
8:40.7798356&-73.9712047*1247;0.7,1033;2.0,589;22.9
9:40.7917087&-73.962752*1277;31.1
10:40.7893941&-73.9641876*1231;0.8,479;21.4,480;4.7
11:40.7773902&-73.9740918*1241;0.8,33;1.2,592;2.2
12:40.7695378&-73.972244*1265;0.7,365;1.5,156;33.5
13:40.7733434&-73.9689396*1194;1.8,1264;0.8,439;4.9
14:40.7815194&-73.9627249*389;25.1
15:40.7842128&-73.9588732*548;0.8,1191;1.5
16:40.7943218&-73.9547813*671;0.7,735;4.0,493;17.3
17:40.7672027&-73.9767027*1259;16.3
18:40.7738011&-73.9722975*992;1.0,19;14.9,994;3.0
19:40.7742471&-73.973649*938;1.9,998;1.0,1;2.6,549;9.8,18;14.9
20:40.7747043&-73.9748156*1245;1.6,511;9.8,179;6.3
21:40.7893529&-73.9570893*1277;18.0
22:40.7972876&-73.9584048*1085;13.5,54;2.7,52;8.8
23:40.773246&-73.9688801*1264;1.8,1380;3.1,13;1.3
24:40.7691506&-73.9799575*432;11.7,415;3.1
25:40.772672&-73.9772677*1374;2.7,1331;2.3,31;2.5
26:40.7837431&-73.9678511*1235;0.7,7;20.7,165;7.5
27:40.789722&-73.9573402*1208;0.9,170;30.3,184;1.2
28:40.7977354&-73.9543428*502;8.1,29;13.1
29:40.7986732&-73.9547384*505;4.6
30:40.7990112&-73.955275*175;7.4
31:40.7726131&-73.9770187*581;1.1,580;1.1,1250;1.2,25;2.5
32:40.7760426&-73.9755334*595;1.3,594;1.2,593;2.1,511;11.5
33:40.7772929&-73.9741224*593;24.3,510;31.7
34:40.7897571&-73.9575151*1180;0.5,253;18.0,43;6.1
35:40.7919437&-73.9558552*536;2.4,97;16.3,43;36.4
36:40.7933532&-73.9554323*288;0.6,37;27.4,97;6.6
37:40.7931237&-73.9574966*36;27.4,292;2.2,1049;4.8
38:40.7933134&-73.9583485*286;12.4,42;31.7,1049;5.8,228;13.7
39:40.7911836&-73.9608634*261;10.1,664;18.5,1035;10.9,244;16.2
40:40.7905097&-73.9591546*1035;13.1,41;8.6,1277;4.6,1036;6.7
41:40.7904399&-73.9584282*43;10.1,40;8.6,42;16.4
42:40.7914359&-73.958298*1043;6.8,38;31.7,41;16.4
43:40.7901197&-73.9576829*35;36.4,41;10.1,34;6.1
44:40.7671873&-73.9793193*417;9.9,1271;26.2
45:40.7660985&-73.976149*46;1.6,386;2.0
46:40.766173&-73.9760524*47;2.7,45;1.6,385;2.2
47:40.7661525&-73.9758205*46;2.7,369;30.3,112;20.1
48:40.7847537&-73.9671253*464;1.0,1237;0.7,26;14.4
49:40.7724535&-73.9689208*1193;5.4,508;7.3
50:40.7800716&-73.966587*118;14.1,113;7.1,557;15.3
51:40.7964966&-73.9592558*269;9.2,518;7.2,231;21.0
52:40.7978504&-73.958299*22;8.8,501;11.4,503;15.1
53:40.7991083&-73.9588131*276;14.3,503;6.2
54:40.7971895&-73.958229*22;2.7,269;10.8,277;18.0
55:40.7978705&-73.9555554*1155;0.4,223;13.3,1154;3.5
56:40.7979125&-73.954594*1216;5.1,1154;11.4,272;17.0
57:40.7976144&-73.9541837*58;10.4,499;2.4,92;6.9
58:40.7969776&-73.9544114*57;10.4,1117;22.1,59;7.7
59:40.7966408&-73.9539817*297;2.6,60;5.3,58;7.7
60:40.796338&-73.9538552*110;8.5,59;5.3,733;10.8
61:40.7698049&-73.971154*1280;9.8,69;3.6,1283;7.2
62:40.7656607&-73.9724415*63;16.0,644;8.7
63:40.7666686&-73.9722223*689;2.7,621;13.3,62;16.0
64:40.769074&-73.9709236*65;8.3,1283;5.0,657;3.5
65:40.7694792&-73.9704614*64;8.3,66;12.4,69;10.2
66:40.770184&-73.9700251*65;12.4,69;12.1,67;3.8
67:40.7703922&-73.9698595*434;16.8,68;7.2,66;3.8
68:40.7706038&-73.9693258*433;9.4,637;18.3,67;7.2
69:40.7699713&-73.9709387*61;3.6,66;12.1,70;9.3,65;10.2
70:40.7703063&-73.9715911*338;11.5,71;3.5,69;9.3
71:40.770526&-73.9715891*152;8.7,155;18.5,70;3.5
72:40.7683984&-73.97522*522;1.9,1030;7.3,397;12.3
73:40.7684319&-73.9748622*522;2.3,75;14.7,74;4.3
74:40.7685105&-73.9745158*431;7.0,73;4.3,75;8.8
75:40.7682604&-73.9738891*1012;2.2,73;14.7,74;8.8
76:40.769727&-73.9779534*405;8.3,403;16.5,406;6.1
77:40.770941&-73.9775731*421;6.8,414;12.8,1335;26.7
78:40.7802481&-73.9718191*79;4.4,311;6.5,1288;25.9
79:40.7802585&-73.9721838*78;4.4,584;14.8
80:40.7805326&-73.9679417*83;4.1,568;31.1,1070;4.4
81:40.7826644&-73.9665268*1075;23.7,568;9.0,325;8.5,1296;1.3
82:40.7813136&-73.9651916*557;11.3,1075;8.4,559;5.5
83:40.7803068&-73.9677538*80;4.1,113;8.0,84;7.6
84:40.7800134&-73.9681989*83;7.6
85:40.7817069&-73.9690121*567;4.9,1317;14.3,86;23.4
86:40.7810966&-73.9704074*1034;1.6,513;1.0,85;23.4
87:40.7807864&-73.9689515*88;2.2,567;9.5,1317;27.3
88:40.7806743&-73.9690655*1073;1.0,87;2.2,163;3.9,566;7.4
89:40.7789151&-73.9653118*1358;6.3,328;17.3,118;9.7
90:40.7803576&-73.9642902*574;19.5,91;16.6,1359;8.1,1387;3.2
91:40.7812022&-73.9635062*390;1.4,90;16.6,1074;17.2
92:40.7979126&-73.953748*93;15.2,502;4.9,57;6.9
93:40.7978519&-73.9525074*92;15.2,497;19.4
94:40.7972469&-73.9570392*1222;0.7,277;0.8,517;9.5
95:40.7951797&-73.9609266*262;8.0,265;15.7,490;10.4,1393;14.2
96:40.7945378&-73.95976*265;6.3,298;18.4,174;25.7,488;6.7
97:40.7929365&-73.9554695*1217;1.3,36;6.6,35;16.3
98:40.7927125&-73.9549942*1206;0.9,485;5.4,1086;18.6
99:40.793108&-73.9544935*100;12.8,492;8.0,485;6.6
100:40.7925197&-73.953762*189;5.4,99;12.8,101;5.3
101:40.7928357&-73.953599*100;5.3,190;5.8,492;18.2
102:40.7942109&-73.9521177*694;1.3,692;1.5,700;1.8
103:40.794423&-73.9522604*108;0.5,104;4.5,105;3.9
104:40.79458&-73.9519574*1306;2.5,105;3.9,103;4.5
105:40.7946646&-73.9522649*206;0.4,103;3.9,104;3.9
106:40.7942386&-73.9525822*107;2.5,203;3.0,108;4.6
107:40.7943224&-73.952766*106;2.5
108:40.7943914&-73.9522803*103;0.5,109;1.2,106;4.6
109:40.7943581&-73.9521915*108;1.2,694;2.9,705;3.0
110:40.796451&-73.9531803*111;0.8,60;8.5,220;1.6
111:40.7964155&-73.9531322*537;0.9,110;0.8,221;3.1
112:40.7673984&-73.9754841*362;3.6,47;20.1,1029;8.1,368;6.1,1028;5.4
113:40.7800392&-73.9671842*83;8.0,50;7.1,114;16.1
114:40.7790865&-73.9666891*115;2.0,113;16.1,118;10.5
115:40.7789735&-73.9667773*556;1.1,114;2.0,1054;0.4,1053;0.5
116:40.778743&-73.9672251*1310;24.4,556;5.5,117;6.8
117:40.7785573&-73.9667022*556;5.7,116;6.8,1308;6.0
118:40.7793621&-73.9658928*89;9.7,50;14.1,1058;5.8,114;10.5
119:40.7815737&-73.9640611*120;5.4,559;9.2,324;9.5
120:40.7814247&-73.9636667*1197;0.6,119;5.4,451;17.0
121:40.7813491&-73.9635759*390;1.1,1197;1.0,1188;13.2
122:40.7743003&-73.9705841*159;5.1,135;8.6,123;13.0
123:40.7746784&-73.9696338*934;18.5,122;13.0,441;4.6
124:40.7748863&-73.9688326*658;2.0,674;5.0,747;6.1
125:40.7747449&-73.9686348*659;0.7,1267;0.7,131;4.7
126:40.7745962&-73.9684114*129;0.7,528;5.3,659;2.7
127:40.7743458&-73.9678974*748;2.4,743;4.2,129;6.8
128:40.7748019&-73.9670964*738;6.1,326;9.8,927;8.3,446;5.0
129:40.7745862&-73.9683494*126;0.7,751;5.1,127;6.8
130:40.7747895&-73.9677923*738;2.4,751;2.3,915;2.2
131:40.775008&-73.9682812*1261;0.9,1196;1.0,913;7.9
132:40.7780983&-73.9664994*1199;0.9,531;22.1,761;18.9
133:40.7749033&-73.9728252*940;0.5
134:40.7755216&-73.9715913*135;20.5,512;17.2,817;11.0
135:40.7743601&-73.971076*122;8.6,159;4.6,137;8.2,134;20.5
136:40.7749112&-73.9726103*941;0.4
137:40.7740953&-73.9716209*935;4.4,941;22.4,135;8.2
138:40.7693311&-73.9788137*411;7.6,413;8.5,392;8.4
139:40.7692044&-73.974045*143;2.4,1021;15.7,431;6.2,610;6.5
140:40.7698827&-73.9742628*141;1.1,1258;0.6,144;11.8
141:40.7698234&-73.9742177*140;1.1,610;6.3,1022;9.4,655;11.5
142:40.7688495&-73.9729278*676;1.6,380;11.7,656;11.1
143:40.7691161&-73.9738749*649;8.8,139;2.4,1327;2.0
144:40.7697017&-73.9730939*1018;1.1,1260;0.7,1017;1.6,12;8.5
145:40.7697763&-73.9724383*951;3.2,338;2.0,148;4.9
146:40.7700103&-73.9725212*152;12.7,338;2.6,147;2.4
147:40.7699502&-73.9726922*149;3.0,148;2.3,146;2.4
148:40.7698174&-73.9727769*426;1.9,145;4.9,147;2.3
149:40.7700885&-73.9728684*427;3.3,147;3.0,426;4.8
150:40.7718265&-73.9771163*1254;0.7,308;1.3,395;25.1
151:40.7709499&-73.9727559*152;6.9,608;6.9,604;25.3
152:40.7707919&-73.9722113*146;12.7,961;25.4,71;8.7,151;6.9
153:40.7734205&-73.9711715*154;10.1
154:40.7740493&-73.9709457*989;6.3,993;6.1,153;10.1,159;1.4
155:40.7715637&-73.9708724*912;3.4,71;18.5,642;12.7
156:40.7714209&-73.9698691*434;1.2,1266;0.6,157;13.8
157:40.772286&-73.9690082*1262;0.7,833;1.9,49;2.2
158:40.7736439&-73.9708689*986;0.9,509;4.0,989;1.4,436;5.4
159:40.7741297&-73.9708936*135;4.6,122;5.1,154;1.4
160:40.7794798&-73.9691754*161;7.7,544;11.2,544;4.4,544;4.2
161:40.7798224&-73.9695291*1061;0.6,1057;2.0,563;5.6,160;7.7
162:40.7803236&-73.9693805*163;2.9,1064;2.3,1067;1.9
163:40.7804942&-73.9692836*162;2.9,1069;1.5,88;3.9
164:40.7830459&-73.9675956*1361;3.5,663;5.3,662;5.5
165:40.7840968&-73.9682775*552;4.7,464;19.0,317;3.0,26;7.5
166:40.7894502&-73.9565904*167;10.9,186;11.1,185;4.9
167:40.7891445&-73.9557691*168;19.0,166;10.9
168:40.7899767&-73.9546517*169;10.1,167;19.0
169:40.7906253&-73.9546885*1181;11.0,168;10.1,187;4.7
170:40.7917276&-73.9555663*1205;0.9,98;14.2,1182;7.9
171:40.7776128&-73.9707887*842;2.3,1318;4.6,841;2.7
172:40.769953&-73.974285*1258;0.5,379;1.3,954;4.8,180;4.0
173:40.7937419&-73.9618711*176;3.1,174;4.2,486;5.3
174:40.7939719&-73.9616862*173;4.2,96;25.7,177;8.9,259;4.0
175:40.7992792&-73.9559762*307;19.0
176:40.7936433&-73.9615687*173;3.1,178;3.4
177:40.7936822&-73.9610489*665;0.8,176;4.9,174;8.9,178;5.3
178:40.7933921&-73.9614614*484;4.3
179:40.7745213&-73.9754308*1238;0.9,529;2.2,20;6.3,626;10.4
180:40.7698488&-73.9745932*181;1.5,379;3.9,172;4.0
181:40.7697807&-73.9746847*180;1.5,1021;6.0,1014;26.8
182:40.788131&-73.9566817*533;8.4,183;25.2,1371;8.0
183:40.7896083&-73.9572813*184;1.4,182;25.2,185;4.1
184:40.789693&-73.9572465*183;1.4,27;1.2,185;3.7,186;9.5
185:40.7895701&-73.9569771*166;4.9,184;3.7,183;4.1
186:40.7901467&-73.9567219*166;11.1,1181;23.1,184;9.5
187:40.7907927&-73.9543558*188;15.7,169;4.7
188:40.7915755&-73.9542818*1182;14.1,187;15.7,1086;11.2
189:40.7921991&-73.9535807*190;7.8,100;5.4,1086;2.1
190:40.7925982&-73.9532236*101;5.8,196;6.6,189;7.8
191:40.7935941&-73.9530584*193;1.3,194;1.4,727;4.5
192:40.7934352&-73.9524323*197;3.1,728;2.0,194;7.6
193:40.7936372&-73.953149*191;1.3
194:40.7936756&-73.9529982*200;1.5,191;1.4,192;7.6
195:40.7940446&-73.9548651*274;0.9,16;3.5,199;5.1
196:40.7927776&-73.9527724*707;1.7,190;6.6,708;2.2
197:40.7933371&-73.9521995*198;1.5,192;3.1,712;5.2
198:40.7934293&-73.9521498*200;10.6,197;1.5,729;3.5
199:40.7940293&-73.9544308*492;8.0,195;5.1,735;5.2
200:40.7937582&-73.952938*198;10.6,201;1.8,194;1.5,203;10.4
201:40.7938603&-73.9528627*200;1.8,202;2.7,202;3.3
202:40.7939672&-73.9527838*203;1.8,201;3.3,201;2.7
203:40.7940685&-73.9527109*106;3.0,202;1.8,204;10.6,200;10.4
204:40.7937369&-73.9519212*203;10.6,729;2.0,730;1.6
205:40.7945225&-73.9516944*1372;0.4,1306;0.7,208;2.1
206:40.7946861&-73.9522793*105;0.4,209;12.2,218;22.5
207:40.7944324&-73.9514092*1373;3.5,1372;3.3,496;40.3
208:40.7946574&-73.951672*205;2.1
209:40.7953092&-73.9528867*210;5.3,206;12.2,212;3.2
210:40.7954497&-73.9524838*1111;3.7,209;5.3,213;5.6
211:40.7955105&-73.9530938*212;1.1,537;13.5,302;5.9
212:40.7954961&-73.9530006*211;1.1,213;7.5,209;3.2
213:40.7958034&-73.9525539*214;1.3,210;5.6,212;7.5
214:40.7958546&-73.9524679*219;5.8,213;1.3,215;1.2
215:40.7958084&-73.9523822*218;5.1,214;1.2,219;12.5
216:40.7961939&-73.9524197*219;0.3,217;2.8,295;2.6
217:40.7962435&-73.9526502*220;14.2,216;2.8,537;5.8
218:40.7956918&-73.9519943*206;22.5,215;5.1,295;14.7
219:40.7961887&-73.9523947*216;0.3,214;5.8,215;12.5
220:40.7965442&-73.9532108*217;14.2,110;1.6,297;6.8
221:40.7965113&-73.9529097*111;3.1
222:40.7878926&-73.9670316*683;1.7
223:40.7971584&-73.9560612*1131;12.6,1153;7.8,55;13.3
224:40.7965211&-73.9566562*1131;0.5,1225;0.9,1120;7.1
225:40.7725137&-73.9726702*604;2.3,957;1.4,958;13.8,955;12.6
226:40.7728605&-73.9739134*957;14.4,599;8.1,525;17.0,956;16.8
227:40.7912631&-73.9640568*247;7.9,623;4.0,268;1.2,624;4.1
228:40.7933688&-73.9595046*487;3.8,1050;16.7,38;13.7
229:40.7898541&-73.9601099*232;6.6,1179;21.6,240;5.8
230:40.7922388&-73.9617145*255;5.7,260;3.7,1044;11.7
231:40.7958254&-73.9604925*51;21.0,1118;3.8,1393;1.1
232:40.7898555&-73.9595519*229;6.6,253;12.4,240;10.0
233:40.7893649&-73.9636498*481;2.2,482;3.1,246;4.8
234:40.7958173&-73.9588565*241;1.7,241;2.0,271;17.9
235:40.789326&-73.9619364*1179;1.6,1179;2.3,1178;2.0
236:40.7923467&-73.9631849*1305;5.5,486;22.1,1047;12.3
237:40.7895911&-73.9635149*482;0.9,243;17.0,1178;20.0
238:40.7885669&-73.9660798*263;13.1,1326;8.5,479;3.0
239:40.7845758&-73.966444*250;6.6,257;7.5,456;14.7
240:40.7902063&-73.9602593*229;5.8,232;10.0,1302;12.5
241:40.7957115&-73.9588977*234;1.7,234;2.0,1084;9.1
242:40.7903107&-73.9621199*1301;3.0
243:40.790646&-73.96326*237;17.0,254;5.8,0;4.0
244:40.7921415&-73.9613941*261;8.7,39;16.2,260;3.5
245:40.7943677&-73.9621929*259;5.8,264;5.1,262;14.9
246:40.7892824&-73.963252*266;4.1,482;4.9,233;4.8
247:40.7908388&-73.9637159*1233;0.7,227;7.9,10;19.5
248:40.7817874&-73.9622692*450;0.7,458;55.6,1204;2.1
249:40.7884629&-73.9639844*572;3.6,1285;2.9,573;3.6,570;7.5
250:40.7845725&-73.9670027*1286;0.3,239;6.6,310;2.9
251:40.7894975&-73.9658928*256;7.0,263;11.2
252:40.7879741&-73.9667195*1389;0.5,1325;0.7
253:40.7893746&-73.9587472*477;3.4,34;18.0,232;12.4
254:40.7907662&-73.962797*1301;8.5,1304;5.5,243;5.8
255:40.7925529&-73.9618414*667;1.0,230;5.7,1048;8.0
256:40.7894129&-73.9653108*251;7.0,480;8.7,1313;2.4
257:40.7849689&-73.9668155*466;1.8,239;7.5,310;3.7
258:40.7966274&-73.9600248*1137;2.8,1118;11.8,1132;2.1
259:40.794019&-73.9620228*245;5.8,264;7.0,174;4.0
260:40.7923659&-73.9614497*230;3.7,244;3.5,1048;8.3
261:40.7916006&-73.9614898*1044;10.2,244;8.7,39;10.1
262:40.7951826&-73.9616011*95;8.0,490;11.0,245;14.9
263:40.7890102&-73.9652107*251;11.2,480;9.5,238;13.1
264:40.7942088&-73.9625668*245;5.1,259;7.0
265:40.7948873&-73.9596903*1083;4.8,96;6.3,95;15.7
266:40.789191&-73.9629238*1177;4.1,246;4.1,1298;4.4
267:40.7872721&-73.9574368*463;46.3,477;44.0,468;5.6,1210;6.7
268:40.7913033&-73.9639787*5;6.8,1042;16.8,227;1.2
269:40.7965841&-73.9584907*271;0.8,54;10.8,51;9.2
270:40.7821631&-73.9630276*456;43.7,450;10.1,451;5.6
271:40.7965656&-73.9584268*269;0.8,234;17.9,290;9.5
272:40.7987821&-73.9551457*1159;9.9,1212;1.6,56;17.0
273:40.7943104&-73.9579753*1090;1.8,286;5.9,1089;2.7
274:40.7940465&-73.9549439*195;0.9,669;2.4,670;12.4
275:40.7982619&-73.9561811*289;7.1,1160;5.4,1156;1.1
276:40.7998595&-73.9581402*553;6.6,53;14.3
277:40.7972353&-73.9571033*94;0.8,54;18.0,290;10.3
278:40.7953921&-73.9555382*303;4.7,279;4.5,1213;2.5
279:40.7953484&-73.9551642*278;4.5,296;21.4,1107;4.7
280:40.7944046&-73.95512*668;1.0,671;2.6,1099;5.2,489;2.7
281:40.7990932&-73.9550582*284;17.0,505;3.0
282:40.7955045&-73.9562881*1114;2.7,1114;1.8,1113;1.8
283:40.7948262&-73.9548333*1099;2.7,296;18.0,1107;5.6
284:40.7984362&-73.9539101*281;17.0,502;3.5
285:40.795585&-73.9560253*293;1.8,1116;1.2,1114;1.6
286:40.7939768&-73.9581394*273;5.9,1089;6.6,38;12.4
287:40.7956486&-73.9568913*1120;7.5,1110;6.5,1115;4.2
288:40.7933718&-73.9553872*36;0.6,1218;0.9,292;28.2
289:40.7978356&-73.9560042*275;7.1,1155;5.1,1153;6.7
290:40.7967759&-73.9577123*277;10.3,271;9.5,517;12.9
291:40.7982616&-73.9572993*1161;6.6,1162;6.8,1221;2.1
292:40.7932619&-73.9574758*288;28.2,37;2.2,1227;4.5,1049;4.8
293:40.7955887&-73.9558774*285;1.8,1376;4.4,303;2.1
294:40.7979707&-73.9598813*1152;9.0,503;19.4
295:40.7963474&-73.952328*216;2.6,297;29.5,218;14.7
296:40.7953545&-73.9536411*279;21.4,672;1.8,283;18.0
297:40.796653&-73.95376*59;2.6,220;6.8,295;29.5
298:40.7944494&-73.9583363*306;2.3,96;18.4,1091;1.1
299:40.7999365&-73.9570178*1279;1.3,304;2.7,305;18.5
300:40.7989871&-73.9564005*1167;7.6,1166;9.6,1174;3.3,1172;19.1
301:40.792451&-73.9552311*1207;2.1,536;11.3,1217;7.4
302:40.7951712&-73.9533198*493;2.0,211;5.9,735;19.3
303:40.7954636&-73.9559106*1109;6.2,278;4.7,293;2.1
304:40.8000091&-73.957222*553;4.8,554;7.4,299;2.7
305:40.7993655&-73.9556328*1176;13.6,299;18.5
306:40.7945815&-73.9582608*1095;1.3,1110;19.3,298;2.3
307:40.7995283&-73.9579411*504;11.6
308:40.7718657&-73.9772184*402;1.2,150;1.3,391;7.3,685;5.0
309:40.7740301&-73.9767548*578;2.1,734;17.4,444;27.2,577;7.6
310:40.7847452&-73.9669181*1237;1.8,257;3.7,250;2.9
311:40.7799643&-73.9714146*1033;1.2,78;6.5,584;20.2,513;22.6
312:40.7874948&-73.9672435*683;6.9,542;41.3
313:40.7801336&-73.9709782*565;1.4,1034;16.2,1033;5.4
314:40.7844186&-73.9683751*317;2.4
315:40.7830142&-73.9703363*737;1.5,321;16.2,550;14.3
316:40.7797399&-73.9654708*318;5.0
317:40.7842631&-73.968402*314;2.4,165;3.0,552;3.9
318:40.7800555&-73.9654788*558;5.6,1058;6.4,316;5.0
319:40.7819603&-73.9704791*514;4.0,321;20.8,322;6.1
320:40.7819438&-73.9710943*1293;2.2,514;3.2,513;14.8
321:40.7828627&-73.9694696*323;16.7,319;20.8,315;16.2,681;1.9
322:40.7817599&-73.9700511*515;45.8,513;11.8,319;6.1
323:40.7838584&-73.9694716*321;16.7,550;7.7,551;1.8
324:40.7818089&-73.964791*119;9.5,1075;3.7,560;4.5
325:40.7827737&-73.9672299*663;0.9,81;8.5,568;7.2
326:40.775278&-73.966546*1377;2.5,762;0.4,128;9.8
327:40.7762027&-73.965731*449;0.5,332;6.3,677;8.7
328:40.7779713&-73.9646542*331;7.7,89;17.3
329:40.775518&-73.965492*334;4.1,756;4.4
330:40.7743588&-73.9665431*742;2.4,760;3.0,753;3.1
331:40.7776391&-73.9651403*761;3.0,328;7.7,333;2.5
332:40.7763247&-73.9652242*759;4.8,334;9.0,327;6.3
333:40.7774839&-73.9650806*761;2.1,741;12.2,331;2.5
334:40.7757828&-73.9654957*329;4.1,332;9.0,449;6.8
335:40.7737488&-73.9669845*764;0.3,745;2.9,755;2.7
336:40.7764841&-73.9661305*759;13.1,758;20.4,677;7.5
337:40.7723168&-73.9713909*642;1.8,961;2.6,964;4.7
338:40.769894&-73.9723661*146;2.6,145;2.0,70;11.5
339:40.7730372&-73.9702166*971;7.8,916;14.3,980;6.6
340:40.7675986&-73.9723332*347;0.5
341:40.7681884&-73.9714997*342;0.5,349;6.7,349;1.2,356;7.2
342:40.7682183&-73.9714798*341;0.5
343:40.7675497&-73.9719798*350;2.9,345;8.4,353;2.9
344:40.7677423&-73.9723928*357;0.5
345:40.7679638&-73.9720859*348;2.5,354;1.5,349;8.6,343;8.4
346:40.7675752&-73.9715822*1032;7.8,621;2.6,353;3.2
347:40.7675828&-73.9722952*340;0.5,353;7.6,357;3.7
348:40.7678882&-73.9719023*345;2.5,350;3.2,352;3.4
349:40.7681211&-73.9715471*352;3.1,341;6.7,341;1.2,345;8.6
350:40.7677124&-73.9718654*343;2.9,352;6.7,348;3.2
351:40.7678748&-73.972613*357;3.2,358;7.0,521;10.4
352:40.7679463&-73.9716784*349;3.1,348;3.4,350;6.7
353:40.7674572&-73.9717666*343;2.9,346;3.2,347;7.6
354:40.7680098&-73.9721953*356;4.2,357;4.2,345;1.5
355:40.7683106&-73.9721664*358;14.2,358;4.5,356;2.0
356:40.7682439&-73.9720206*545;0.4,354;4.2,341;7.2,355;2.0
357:40.7677726&-73.9723728*354;4.2,344;0.5,351;3.2,347;3.7
358:40.7682974&-73.9725473*355;14.2,355;4.5,351;7.0
359:40.7672839&-73.9749707*362;5.4,1008;22.7,1028;1.0
360:40.7655327&-73.9728852*643;1.0,1005;17.0
361:40.7670128&-73.9774351*363;3.3,373;13.6,376;8.2
362:40.7675412&-73.9752469*618;5.3,112;3.6,359;5.4
363:40.7672267&-73.9774218*1257;0.7,361;3.3,17;6.8
364:40.7681226&-73.9737774*1012;0.3,1011;4.4,521;4.6
365:40.7694508&-73.9721883*12;1.5,1280;5.2,380;2.1
366:40.7659603&-73.9734636*383;1.2,647;7.3,369;14.4
367:40.7667849&-73.9760585*1026;6.6,368;6.5,385;7.7
368:40.7671811&-73.9759007*367;6.5,112;6.1,1029;7.8
369:40.7651649&-73.9739373*648;6.3,47;30.3,366;14.4
370:40.770116&-73.9739797*371;0.8,422;7.4,420;2.5
371:40.7701132&-73.9740479*370;0.8,379;3.9,372;4.3
372:40.7702529&-73.9743522*379;3.7,631;41.3,371;4.3
373:40.767205&-73.978491*384;17.0,361;13.6
374:40.7672468&-73.9733803*375;1.5,1008;2.6,1009;3.0
375:40.7673037&-73.9734826*1008;3.6,374;1.5,1010;7.6
376:40.7665924&-73.9770393*382;0.8,361;8.2
377:40.7687661&-73.9763678*397;2.4,403;8.3,384;19.0,1019;19.1
378:40.7682954&-73.9782326*410;8.4,384;9.4,418;4.2
379:40.7700157&-73.9743566*172;1.3,180;3.9,371;3.9,372;3.7
380:40.7694038&-73.9723567*365;2.1,142;11.7,656;1.6
381:40.7666153&-73.9769007*382;0.9,1029;19.5,386;10.2
382:40.7666016&-73.9769763*381;0.9,376;0.8,17;8.5
383:40.76601&-73.9735464*366;1.2,1007;18.0,650;11.1
384:40.7680018&-73.9775458*373;17.0,377;19.0,398;10.0,378;9.4
385:40.7663082&-73.9761127*46;2.2,367;7.7,387;3.1
386:40.7661727&-73.9762846*387;3.1,45;2.0,381;10.2
387:40.7663682&-73.9763345*1026;1.1,386;3.1,385;3.1
388:40.783555&-73.9645572*389;0.6,1397;0.7,1396;0.8,454;7.9
389:40.7835281&-73.9644858*388;0.6,1392;0.6,14;25.1
390:40.781292&-73.9635248*121;1.1,91;1.4,1186;16.5
391:40.7715169&-73.9776269*400;1.5,635;23.8,308;7.3
392:40.769719&-73.9787539*419;1.1,138;8.4,405;7.2
393:40.7704743&-73.979123*635;0.7,409;5.0,396;18.7
394:40.7701941&-73.9784617*424;7.5,400;36.7,412;1.9,633;5.7
395:40.7703969&-73.9789817*1255;0.8,635;1.3,24;18.2
396:40.7715168&-73.9787908*393;18.7,399;5.5
397:40.7686953&-73.9761864*377;2.4,1014;7.0,72;12.3
398:40.7674149&-73.9773123*384;10.0,1257;2.5,1014;27.2
399:40.7716303&-73.9783498*1329;1.3,396;5.5,400;8.0
400:40.7715831&-73.9777156*391;1.5,394;36.7,402;6.9,399;8.0
401:40.7690907&-73.9787748*1391;11.4
402:40.7718969&-73.977309*308;1.2,400;6.9,684;5.1
403:40.7691672&-73.9768327*76;16.5,377;8.3,404;16.3
404:40.7698284&-73.9758322*1335;3.2,403;16.3,1019;6.2
405:40.7693553&-73.97839*76;8.3,392;7.2,411;7.0
406:40.7700673&-73.9781822*76;6.1,414;3.3,412;2.0
407:40.7693447&-73.9802525*636;2.7,432;12.0,409;20.9
408:40.7703838&-73.9733552*607;0.9,420;7.0,953;8.6
409:40.7704655&-73.9795155*393;5.0,407;20.9
410:40.7679516&-73.9787851*1256;1.2,378;8.4,416;19.4
411:40.7689712&-73.9784222*418;7.0,138;7.6,405;7.0
412:40.7701527&-73.9783138*419;7.6,406;2.0,414;2.5,394;1.9
413:40.7688666&-73.9791392*138;8.5,423;3.3,418;10.3
414:40.770282&-73.9781821*406;3.3,77;12.8,412;2.5
415:40.7689031&-73.9799488*1253;0.8,1268;17.8,6;16.7
416:40.7689068&-73.9798249*1253;0.6,423;5.1,410;19.4,1390;10.1
417:40.7677689&-73.9789861*6;1.8,44;9.9,1269;26.8
418:40.7685217&-73.9784239*411;7.0,378;4.2,413;10.3
419:40.7697901&-73.978737*392;1.1,412;7.6,424;3.6
420:40.7700656&-73.973774*954;1.6,408;7.0,953;8.5,370;2.5
421:40.7713565&-73.9774189*632;1.1,77;6.8,631;8.7
422:40.7704523&-73.9735807*607;2.4,425;2.2,370;7.4
423:40.7688337&-73.9794089*413;3.3,416;5.1,636;10.9
424:40.7698992&-73.9789584*1391;3.8,394;7.5,634;4.0,419;3.6
425:40.7705927&-73.9735667*506;16.6,422;2.2,607;4.7
426:40.769813&-73.9729383*688;0.8,148;1.9,149;4.8
427:40.7702885&-73.9729632*608;4.0,149;3.3,428;4.0
428:40.7704541&-73.9732243*607;1.8,608;3.8,427;4.0
429:40.7692169&-73.9747536*430;6.4,430;6.6,655;3.1
430:40.769014&-73.9745228*429;6.6,429;6.4,431;2.5
431:40.7689013&-73.9743791*74;7.0,139;6.2,430;2.5
432:40.7687652&-73.9807937*407;12.0,24;11.7,1270;8.6
433:40.770988&-73.9687132*434;14.3,639;20.4,68;9.4
434:40.7713612&-73.9697979*156;1.2,433;14.3,833;19.4,67;16.8
435:40.7726959&-73.9675963*641;1.5,904;1.5,1284;4.4
436:40.7734893&-73.970332*980;0.9,437;1.4,158;5.4,982;9.8
437:40.7735786&-73.970299*436;1.4,438;11.9,440;4.2
438:40.7736829&-73.9693687*920;1.2,441;15.9,437;11.9
439:40.7737056&-73.9691398*926;1.0,1263;0.9,125;14.3
440:40.7736845&-73.9706308*437;4.2,989;2.5,934;3.5
441:40.7746993&-73.9692469*674;0.7,438;15.9,123;4.6
442:40.7752569&-73.9738343*2;9.7,938;15.1,443;10.0,1311;2.9
443:40.7758984&-73.9738576*1312;2.0,660;22.6,442;10.0
444:40.7756401&-73.9759537*555;7.9,309;27.2,584;71.4
445:40.7930795&-73.9616612*1228;8.5,484;0.8,666;2.1,665;11.7
446:40.7748249&-73.9666963*447;2.3,763;4.9,128;5.0
447:40.7749497&-73.9665882*446;2.3
448:40.7751339&-73.9664947*762;2.2
449:40.7761751&-73.9657557*327;0.5,334;6.8,1377;14.6
450:40.7818002&-73.9623261*248;0.7,270;10.1,451;5.9
451:40.7820736&-73.962607*452;1.6,450;5.9,270;5.6,120;17.0
452:40.7821629&-73.9625382*451;1.6,453;48.6,457;45.5
453:40.783803&-73.9597219*465;21.4,452;48.6,458;8.1
454:40.7838444&-73.9655375*1189;0.7,388;7.9
455:40.7839548&-73.9654944*1189;1.1,456;1.3,461;12.7
456:40.7840206&-73.9654324*239;14.7,270;43.7,457;4.8,455;1.3
457:40.784142&-73.9650877*452;45.5,462;13.8,456;4.8
458:40.7841284&-73.9592475*460;1.7,248;55.6,453;8.1
459:40.784132&-73.958931*15;1.1,1209;0.9,1190;1.1
460:40.784223&-73.9591763*458;1.7,1209;2.3,1192;3.6
461:40.7843802&-73.9663351*462;4.3,455;12.7,1287;7.4
462:40.784587&-73.9660973*457;13.8,467;11.1,461;4.3
463:40.7845738&-73.9589182*1192;2.6,267;46.3,465;7.2
464:40.7847634&-73.9672084*48;1.0,542;4.9,165;19.0
465:40.785009&-73.9588453*468;34.5,453;21.4,463;7.2
466:40.7850806&-73.9668636*467;2.0,257;1.8,1297;3.5
467:40.7851274&-73.9667071*466;2.0,462;11.1,469;48.6
468:40.7870201&-73.9577585*474;44.2,465;34.5,267;5.6
469:40.7880922&-73.9656734*470;2.4,467;48.6,1285;20.7
470:40.7882233&-73.9657789*1232;2.7,469;2.4,534;10.8,570;14.6
471:40.7886677&-73.9619361*1285;26.3,472;3.0,473;2.5
472:40.7888002&-73.9617553*471;3.0,475;6.0,473;2.6
473:40.7888287&-73.9619738*471;2.5,472;2.6,1298;8.9
474:40.7888086&-73.958784*475;30.6,468;44.2,477;6.3
475:40.7889592&-73.9612915*472;6.0,474;30.6,476;9.1
476:40.7891059&-73.9605726*477;24.2,1299;13.6,475;9.1
477:40.7891774&-73.9586202*253;3.4,267;44.0,476;24.2,1180;18.2,474;6.3
478:40.7879365&-73.966759*1389;0.3,222;2.8,683;2.0
479:40.7884123&-73.9659225*1232;0.7,238;3.0,535;9.5
480:40.7893758&-73.9645861*256;8.7,10;4.7,624;27.1,263;9.5
481:40.7893886&-73.963831*233;2.2,571;8.3,0;22.2,1231;3.4
482:40.789531&-73.9635087*237;0.9,246;4.9,233;3.1
483:40.7926105&-73.9620596*1228;0.8,1305;8.7,1046;11.1
484:40.7931061&-73.9617201*445;0.8,483;6.9,486;9.8
485:40.7931398&-73.9550527*1386;0.8,195;11.4,99;6.6
486:40.7935386&-73.9622218*1314;3.4,484;9.8,173;5.3,236;22.1
487:40.7936062&-73.9595708*1226;7.6,228;3.8,1227;24.2,520;16.1
488:40.794113&-73.959762*1226;0.6,96;6.7,177;13.3
489:40.7944637&-73.9553918*1100;4.9,280;2.7,1093;3.6
490:40.7958144&-73.961211*491;4.3,262;11.0,95;10.4
491:40.795905&-73.9608671*1393;3.5,490;4.3,1125;7.0
492:40.793563&-73.9542101*99;8.0,199;8.0,101;18.2
493:40.795237&-73.9534671*672;1.0,495;22.9,302;2.0
494:40.7956006&-73.9554335*1213;1.0,1376;3.2
495:40.7956584&-73.9548057*1214;1.1,1117;8.3,494;6.4
496:40.7967394&-73.9498983*207;40.3,1146;14.3
497:40.7971707&-73.9512463*498;2.4,1143;3.7,1146;3.6,93;19.4
498:40.7973145&-73.951182*497;2.4,1148;2.6
499:40.7976899&-73.9543578*28;0.6,1216;0.7,57;2.4
500:40.7980277&-73.9530526*502;7.7
501:40.7981301&-73.9574403*1221;0.6,52;11.4,94;12.4
502:40.7982265&-73.9538138*29;10.5,500;7.7,284;3.5,92;4.9
503:40.7987276&-73.9586636*53;6.2,504;1.7,52;15.1,294;19.4
504:40.7987644&-73.9585288*1223;0.7,503;1.7,501;14.0
505:40.7989167&-73.9551019*1212;0.6,30;2.0,281;3.0
506:40.771638&-73.9732958*955;2.8,425;16.6,1394;1.8
507:40.7729068&-73.9685029*640;0.8,1193;2.5,1380;2.5,1375;1.4
508:40.7730334&-73.9688021*1380;1.2,1381;0.7,23;2.8
509:40.7737354&-73.9712771*987;0.9,992;8.8,158;4.0,993;1.5
510:40.7748452&-73.9744311*1004;0.7,538;3.0,1383;1.2
511:40.7751541&-73.9755463*179;8.1,32;11.5
512:40.775258&-73.9729623*134;17.2,940;5.6,939;14.9
513:40.7811256&-73.9704862*86;1.0,322;11.8,311;22.6,320;14.8
514:40.781967&-73.9708237*319;4.0,320;3.2,737;22.0
515:40.7836616&-73.9677536*1235;1.0,1081;2.3,569;10.5,322;45.8
516:40.7840545&-73.9691777*552;6.1,551;3.3,681;15.2
517:40.7965162&-73.9567982*1225;0.7,290;12.9,1219;37.8
518:40.7968144&-73.9596532*51;7.2,519;2.8,1137;2.8
519:40.7969917&-73.9596451*518;2.8,1085;2.9,1144;2.0
520:40.7935435&-73.9609121*1050;1.2,665;1.9,487;16.1,666;11.2
521:40.7679313&-73.973481*1011;3.2,351;10.4,364;4.6
522:40.7684037&-73.9750549*72;1.9,73;2.3,619;3.4
523:40.7727495&-73.9721718*547;2.0,605;1.4,600;9.8
524:40.7733001&-73.9716961*972;1.4,969;5.6,985;2.9
525:40.7738197&-73.9745811*226;17.0,996;5.0,583;13.5
526:40.7741514&-73.9750545*996;2.6,999;5.2,995;2.1
527:40.7742169&-73.9686467*528;1.7,740;12.5,926;11.7
528:40.774322&-73.9686699*527;1.7,674;8.8,126;5.3
529:40.7746164&-73.9755675*179;2.2,577;13.4,594;22.6
530:40.7759965&-73.9717188*807;0.7
531:40.7794998&-73.965085*1200;0.9,1387;13.8,574;4.5
532:40.7876095&-73.95702*1210;0.9,27;27.8,533;1.6
533:40.7876141&-73.956887*1276;57.3,182;8.4,532;1.6
534:40.7877526&-73.9664474*1236;3.0,1297;39.7,1297;39.8,470;10.8
535:40.7879156&-73.9666836*478;0.8,1389;0.9,1236;0.8,682;2.8
536:40.791845&-73.955697*35;2.4,1205;1.5,1180;40.3,301;11.3
537:40.7963618&-73.9531062*111;0.9,211;13.5,217;5.8
538:40.7750028&-73.9745779*510;3.0,597;12.6,596;19.9
539:40.7758518&-73.9752261*596;3.6,597;3.4,593;3.9
540:40.7742015&-73.970539*934;7.7
541:40.7835935&-73.9664578*1295;16.8,1364;5.5,1360;1.5
542:40.7849816&-73.9674836*312;41.3,464;4.9
543:40.7738258&-73.9752585*995;4.0
544:40.7792984&-73.9690878*160;4.4,160;11.2,160;4.2,1310;2.0
545:40.768268&-73.9720026*356;0.4
546:40.7803519&-73.9692028*1067;0.5
547:40.7728063&-73.972022*969;3.1,523;2.0,967;2.4
548:40.7841803&-73.9587982*15;0.8,1190;1.2,1276;1.8
549:40.7746815&-73.9744896*1001;1.3,1003;1.3,1384;0.2,19;9.8
550:40.783503&-73.9699053*323;7.7,315;14.3,737;9.7
551:40.7839713&-73.9694351*323;1.8,516;3.3
552:40.784141&-73.9686703*165;4.7,516;6.1,317;3.9
553:40.7999771&-73.957614*304;4.8,276;6.6,554;5.0
554:40.8002393&-73.9577552*553;5.0,304;7.4
555:40.7760772&-73.9758052*594;2.9,444;7.9
556:40.7789124&-73.9668293*115;1.1,116;5.5,117;5.7
557:40.7806452&-73.9655656*50;15.3,82;11.3,558;4.4
558:40.7804049&-73.9653664*559;15.7,318;5.6,557;4.4
559:40.7812903&-73.9647418*119;9.2,558;15.7,82;5.5
560:40.7820883&-73.9647304*1076;1.1,1078;8.6,324;4.5,1077;8.5
561:40.7837359&-73.9660392*1082;16.7,1080;27.0,1296;19.0
562:40.7807726&-73.9698505*1234;0.9,1034;7.5,565;13.1
563:40.7801641&-73.9694772*1064;0.4,161;5.6,616;7.4
564:40.7799857&-73.9707664*1244;1.3,612;6.1,566;17.8,887;5.1
565:40.7800712&-73.9708897*313;1.4,1244;0.7,8;4.2
566:40.7807777&-73.9696782*1234;1.1,567;12.2,564;17.8,88;7.4
567:40.7813884&-73.9690323*87;9.5,85;4.9,566;12.2
568:40.7823244&-73.9671291*81;9.0,80;31.1,325;7.2
569:40.7842151&-73.967243*1082;0.8,1286;5.9,515;10.5
570:40.7885182&-73.9646213*571;9.2,249;7.5,470;14.6
571:40.7888745&-73.9639972*570;9.2,481;8.3,572;2.9
572:40.7886924&-73.963974*249;3.6,573;5.0,571;2.9
573:40.7884653&-73.9636818*1299;26.2,249;3.6,572;5.0
574:40.7792429&-73.9649121*1358;0.8,90;19.5,531;4.5
575:40.772094&-73.9698696*855;3.6,925;6.3,576;3.4
576:40.7719277&-73.9696933*575;3.4,855;4.5,929;7.4
577:40.7738746&-73.976156*626;1.4,529;13.4,628;16.5,309;7.6
578:40.7740979&-73.9769085*309;2.1,1330;17.6
579:40.7728258&-73.9774517*1333;2.8,1331;1.5
580:40.7726864&-73.9770123*627;1.6,31;1.1,1333;4.0
581:40.7725412&-73.977025*31;1.1,653;2.5,582;1.3
582:40.7725308&-73.9769135*1250;0.7,685;6.5,581;1.3,684;5.8
583:40.7744568&-73.9742908*999;12.8,525;13.5,997;7.8
584:40.7795905&-73.9729864*444;71.4,311;20.2,590;3.4,79;14.8
585:40.7789148&-73.9728056*609;4.1,588;6.2,591;4.6
586:40.7783008&-73.9731289*587;1.5,1248;0.7,11;14.9
587:40.7783855&-73.9731956*586;1.5,590;18.5,592;19.0,1290;3.2
588:40.7785178&-73.9728256*1289;1.3,589;0.6,585;6.2
589:40.7784772&-73.972817*4;2.3,950;0.7,588;0.6
590:40.7793823&-73.9729113*591;4.2,584;3.4,587;18.5
591:40.7791778&-73.9726752*590;4.2,1033;20.2,585;4.6
592:40.7774748&-73.9742472*587;19.0,595;26.7,11;2.2
593:40.7760672&-73.9753611*595;1.3,33;24.3,32;2.1,539;3.9
594:40.7759797&-73.9755936*555;2.9,32;1.2,529;22.6
595:40.7761043&-73.9754565*32;1.3,593;1.3,592;26.7
596:40.7756354&-73.9753259*539;3.6,597;3.0,538;19.9
597:40.7756605&-73.9750852*538;12.6,539;3.4,596;3.0
598:40.7737735&-73.9758997*1240;1.0,629;15.7,999;12.4,974;8.2
599:40.7729265&-73.9745899*226;8.1,629;21.4,970;2.9
600:40.773344&-73.9724441*601;1.5,977;1.1,523;9.8
601:40.7734374&-73.972464*600;1.5,977;1.1,602;4.3
602:40.7736894&-73.972337*603;1.3,601;4.3,988;7.3
603:40.7737309&-73.9722457*602;1.3,990;0.9,998;20.1
604:40.7724351&-73.9725076*225;2.3,605;4.9,151;25.3,606;6.0
605:40.7726723&-73.9722329*523;1.4,604;4.9,606;4.5
606:40.7724405&-73.9719999*1273;1.9,604;6.0,605;4.5
607:40.7704406&-73.973375*422;2.4,408;0.9,428;1.8,425;4.7
608:40.7705424&-73.9729215*151;6.9,427;4.0,428;3.8
609:40.7790754&-73.9730802*1290;8.6,585;4.1,1289;9.1
610:40.7695899&-73.9738622*139;6.5,141;6.3,1022;6.2
611:40.7796291&-73.9699486*1057;4.2,612;5.8,1056;0.9
612:40.7798225&-73.9702948*564;6.1,616;3.8,611;5.8,615;2.0
613:40.7797433&-73.9700412*1056;1.5,615;1.7,614;1.1
614:40.7798044&-73.9700723*613;1.1,615;0.9,616;2.5
615:40.7797825&-73.9701384*614;0.9,613;1.7,612;2.0
616:40.7799633&-73.970043*563;7.4,612;3.8,614;2.5
617:40.7676337&-73.9742261*1010;5.6
618:40.7678352&-73.9750243*619;6.9,619;5.9,362;5.3
619:40.768197&-73.9749989*618;6.9,618;5.9,522;3.4
620:40.7675622&-73.9711394*1031;1.4,1032;9.9,621;9.5
621:40.7674278&-73.9716894*346;2.6,620;9.5,63;13.3
622:40.7914336&-73.9641986*623;1.6,268;2.6
623:40.791413&-73.96433*622;1.6,625;0.9,227;4.0
624:40.7910577&-73.9642725*625;6.3,227;4.1,480;27.1
625:40.7914459&-73.9643896*623;0.9,624;6.3
626:40.7738371&-73.976052*1240;1.1,577;1.4,654;13.0
627:40.7726814&-73.9768771*580;1.6,1278;1.0,628;4.4,734;4.1
628:40.7728892&-73.9766716*734;1.9,654;1.2,577;16.5,627;4.4
629:40.7728337&-73.9764012*1242;1.2,599;21.4,631;18.0,598;15.7
630:40.772723&-73.9766253*1249;4.3,1278;2.9
631:40.771774&-73.9769979*1254;0.9,632;7.1,629;18.0,372;41.3,421;8.7
632:40.7714256&-73.9773838*421;1.1,631;7.1,633;24.5
633:40.7703423&-73.9788935*634;4.8,1255;0.6,632;24.5,394;5.7
634:40.7701049&-73.9791491*1252;0.5,633;4.8,424;4.0,1390;10.7
635:40.7704479&-73.9790729*395;1.3,393;0.7,636;21.5,391;23.8
636:40.7692814&-73.980037*423;10.9,407;2.7,635;21.5
637:40.7696582&-73.969922*68;18.3
638:40.7721402&-73.9679489*639;1.2
639:40.7721746&-73.9680419*638;1.2,904;8.2,433;20.4
640:40.7729536&-73.9684826*507;0.8,641;11.3,1379;2.3
641:40.772789&-73.9675568*435;1.5,744;1.9,640;11.3
642:40.7722823&-73.9712405*963;4.7,337;1.8,925;10.7,155;12.7
643:40.765562&-73.9729623*360;1.0,647;1.5
644:40.7651742&-73.9728044*645;3.5,62;8.7
645:40.7652269&-73.9730833*360;5.3,644;3.5
646:40.765197&-73.9733679*648;1.9,647;7.3
647:40.7656103&-73.9730751*643;1.5,646;7.3,366;7.3,1006;22.2
648:40.7650875&-73.9734461*646;1.9,369;6.3
649:40.7688605&-73.973212*1015;0.7,143;8.8,1013;11.3
650:40.7666827&-73.9733073*1007;5.4,383;11.1,689;11.6
651:40.7725549&-73.9775295*1374;0.8,652;3.1
652:40.772409&-73.9773775*687;0.8,653;2.4,651;3.1
653:40.77243&-73.9771802*581;2.5,652;2.4,1332;3.5
654:40.7728681&-73.976569*1242;0.8,628;1.2,630;1.9
655:40.769347&-73.9749403*429;3.1,141;11.5,1030;19.4
656:40.7694526&-73.9724629*12;2.9,380;1.6,1017;7.5
657:40.76885&-73.97096*64;3.5,1032;14.0,1016;20.2
658:40.7747996&-73.9687093*1267;0.5,124;2.0,920;19.1
659:40.7747142&-73.9685859*125;0.7,1196;5.7,126;2.7
660:40.7773373&-73.9739623*1241;0.9,946;10.8,1292;12.6,443;22.6
661:40.7782099&-73.9730551*1248;0.9,949;2.2,1239;4.4,1292;5.1
662:40.7826997&-73.967687*663;5.0,164;5.5,1317;8.3
663:40.7827903&-73.967302*325;0.9,164;5.3,662;5.0
664:40.7916766&-73.9595069*39;18.5,1043;7.9,1038;6.5
665:40.7936425&-73.9610105*520;1.9,177;0.8,445;11.7,1226;16.3
666:40.7929974&-73.9615223*1048;2.0,445;2.1,520;11.2,667;8.0
667:40.7925813&-73.9619148*1228;1.0,255;1.0,666;8.0,1045;14.0
668:40.7943446&-73.9550992*280;1.0,1183;3.4,669;3.2
669:40.7942019&-73.95491*671;2.2,274;2.4,668;3.2
670:40.7932597&-73.9551157*274;12.4,1386;1.8,1218;2.8
671:40.7943405&-73.9548548*16;0.7,280;2.6,669;2.2,672;21.7
672:40.7952676&-73.9535386*493;1.0,296;1.8,1214;25.5,671;21.7
673:40.7754011&-73.9675887*913;0.7,1201;7.2,1261;10.2,928;2.6
674:40.7747136&-73.9691908*441;0.7,528;8.8,124;5.0
675:40.7777982&-73.9633185*1338;9.3
676:40.7688626&-73.9730639*1015;1.0,142;1.6,643;53.5
677:40.776744&-73.9656234*336;7.5,761;12.2,327;8.7
678:40.7740609&-73.9667617*755;2.8,746;0.8,742;2.9
679:40.7786974&-73.9679871*1309;0.5
680:40.7785293&-73.968101*1309;1.8
681:40.7828458&-73.9693063*7;3.5,321;1.9
682:40.7877372&-73.9668688*48;39.2
683:40.7878444&-73.9668785*682;1.3,478;2.0,312;6.9
684:40.7721913&-73.9771101*1332;1.3,685;1.4,582;5.8,402;5.1
685:40.7721463&-73.9770035*684;1.4,308;5.0,582;6.5
686:40.7722557&-73.9772587*1332;1.0
687:40.7723568&-73.9773953*652;0.8
688:40.769809&-73.9730033*952;0.9,426;0.8,953;1.5
689:40.7667028&-73.9724477*63;2.7,650;11.6,1005;3.6
690:40.7940464&-73.951905*691;1.3,693;3.1,694;4.7
691:40.7941311&-73.9519242*690;1.3,696;1.7,692;1.5
692:40.7941366&-73.9520476*695;1.1,691;1.5,102;1.5
693:40.7941735&-73.9517168*732;1.4,702;2.9,690;3.1
694:40.7941771&-73.9522219*102;1.3,690;4.7,109;2.9
695:40.7941958&-73.9520041*692;1.1,697;1.6,698;1.6
696:40.7942065&-73.9518212*697;1.0,699;1.8,691;1.7
697:40.7942395&-73.9518988*696;1.0,701;1.6,695;1.6
698:40.7942877&-73.952012*700;1.0,695;1.6,701;1.6
699:40.7943168&-73.9517911*702;1.3,703;1.5,696;1.8
700:40.7943207&-73.9520895*698;1.0,102;1.8,704;1.8
701:40.7943311&-73.9519065*703;1.0,698;1.6,697;1.6
702:40.7943506&-73.9516869*699;1.3,1307;2.3,693;2.9
703:40.7943903&-73.9518636*701;1.0,704;1.5,699;1.5
704:40.7943971&-73.9519844*705;1.3,700;1.8,703;1.5
705:40.7944818&-73.9520036*704;1.3,109;3.0,1307;2.4
706:40.7928762&-73.9527602*709;1.2,708;1.2,707;0.7
707:40.7928807&-73.9528193*196;1.7,706;0.7,711;3.9
708:40.7928823&-73.9526557*712;4.0,706;1.2,196;2.2
709:40.7929525&-73.9527565*706;1.2,710;0.9,715;3.9,713;3.4
710:40.7930108&-73.9527536*709;0.9,714;1.0,717;2.9,716;2.5
711:40.7930218&-73.9530842*713;1.2,707;3.9,727;4.9
712:40.7930469&-73.9524128*715;1.2,197;5.2,708;4.0
713:40.7930592&-73.9529945*711;1.2,716;0.9,709;3.4,726;3.7
714:40.7930736&-73.9527506*710;1.0,719;1.8,718;1.5
715:40.7930841&-73.9525009*712;1.2,717;0.9,728;5.1,709;3.9
716:40.7930875&-73.9529267*713;0.9,718;1.0,710;2.5,723;2.7
717:40.7931124&-73.9525683*715;0.9,719;1.0,725;3.3,710;2.9
718:40.7931178&-73.9528541*716;1.0,714;1.5,722;1.8
719:40.793143&-73.9526409*717;1.0,721;1.3,714;1.8
720:40.793211&-73.9527218*724;0.8,720;3.7,720;3.7
721:40.7932164&-73.952587*725;1.0,724;1.4,719;1.3
722:40.7932249&-73.9528354*723;1.0,718;1.8,724;2.6
723:40.7932555&-73.9529079*722;1.0,726;0.9,716;2.7,725;5.8
724:40.7932591&-73.9526885*720;0.8,721;1.4,722;2.6
725:40.793272&-73.9525483*728;0.9,721;1.0,723;5.8,717;3.3
726:40.7932839&-73.9529753*723;0.9,727;1.2,713;3.7,728;7.6
727:40.793321&-73.9530635*726;1.2,711;4.9,191;4.5
728:40.7933237&-73.9525123*725;0.9,192;2.0,726;7.6,715;5.1
729:40.7936239&-73.9520062*198;3.5,204;2.0
730:40.7938248&-73.9518528*204;1.6,732;5.5,731;7.7
731:40.7940602&-73.9524269*730;7.7
732:40.794128&-73.9516167*730;5.5,1373;1.8,693;1.4
733:40.7960023&-73.9546131*60;10.8
734:40.7729398&-73.976815*628;1.9,309;17.4,627;4.1,1330;3.5
735:40.7943143&-73.9544437*302;19.3,16;4.0,199;5.2
736:40.7727548&-73.978194*1374;6.7
737:40.7830664&-73.9704395*315;1.5,550;9.7,514;22.0
738:40.7748248&-73.9675977*130;2.4,128;6.1,749;4.9
739:40.7745834&-73.9665039*763;0.6
740:40.7738971&-73.967743*744;17.2,745;9.9,527;12.5,743;3.6
741:40.7769966&-73.9642796*759;11.3,333;12.2
742:40.7742255&-73.9666382*330;2.4,757;1.0,678;2.9
743:40.7741276&-73.9676973*127;4.2,927;4.6,740;3.6
744:40.772899&-73.967494*641;1.9,740;17.2,752;15.2
745:40.7736509&-73.9671747*752;1.2,335;2.9,740;9.9
746:40.7740431&-73.9667003*678;0.8
747:40.7751236&-73.9684143*792;10.0,124;6.1,1261;1.5
748:40.7744055&-73.96772*127;2.4
749:40.7745269&-73.9676332*738;4.9
750:40.7738818&-73.9667933*755;1.1
751:40.7747259&-73.9679678*130;2.3,129;5.1,915;1.5
752:40.773612&-73.9670858*745;1.2,764;2.1,744;15.2
753:40.7745518&-73.9665151*760;1.4,763;0.4,330;3.1
754:40.7738262&-73.9668055*764;3.2
755:40.7739031&-73.9668822*678;2.8,750;1.1,335;2.7
756:40.7753038&-73.9657267*762;9.7,760;16.1,329;4.4
757:40.7741939&-73.9665652*742;1.0
758:40.775545&-73.9672316*1196;15.0,336;20.4,1377;9.2
759:40.7766019&-73.965036*741;11.3,332;4.8,336;13.1
760:40.7745198&-73.9664017*753;1.4,330;3.0,756;16.1
761:40.7774699&-73.9652618*331;3.0,333;2.1,132;18.9,677;12.2
762:40.775276&-73.9665118*448;2.2,756;9.7,326;0.4
763:40.7745674&-73.9665463*739;0.6,753;0.4,446;4.9
764:40.7737317&-73.9669972*752;2.1,335;0.3,754;3.2
765:40.7764029&-73.9707191*821;9.4,772;4.8,810;1.2
766:40.7761684&-73.9692649*831;1.4,798;3.5,808;8.2
767:40.7767121&-73.9701521*810;7.7,800;6.9,869;2.1
768:40.7765503&-73.9713373*797;5.1,815;4.2,1324;10.3
769:40.7763691&-73.9700209*806;5.7,822;7.4,808;1.9
770:40.7763908&-73.9692442*798;0.3,799;5.6,771;3.7
771:40.7766211&-73.9692673*770;3.7,781;2.4,818;5.2
772:40.7766865&-73.9708583*765;4.8,815;3.9,819;0.5
773:40.7770846&-73.9699963*786;2.1,849;5.1,852;5.9
774:40.7761235&-73.9683738*785;0.7,826;4.9,780;6.8
775:40.7766628&-73.9678226*782;5.2,776;5.1,857;8.2
776:40.7766205&-73.9682517*780;3.3,775;5.1,812;6.8
777:40.7771076&-73.9689538*784;2.9,865;6.6,788;5.0
778:40.7773118&-73.9708613*787;3.9,811;5.4,841;2.3
779:40.7790309&-73.9693933*871;2.7,862;2.2,908;11.6
780:40.7765011&-73.9684797*774;6.8,856;3.8,776;3.3
781:40.7767613&-73.9693535*800;4.1,771;2.4,827;0.5
782:40.7763644&-73.967823*775;5.2,894;4.8,826;2.9
783:40.7760495&-73.9692776*831;0.4,799;12.2,848;1.4
784:40.7769776&-73.9691251*827;3.8,818;4.4,777;2.9,816;4.4
785:40.7760808&-73.9683965*774;0.7,792;5.4,848;11.7
786:40.7769755&-73.9698946*869;5.6,827;7.6,773;2.1
787:40.7773132&-73.9711132*778;3.9,797;17.4,878;3.7
788:40.7773925&-73.9688686*777;5.0,853;6.0,882;4.1
789:40.7776751&-73.9703765*877;3.0,885;2.8,1319;0.8
790:40.7788113&-73.9704005*874;5.2,791;2.8,914;8.5
791:40.7787749&-73.9701676*851;7.6,790;2.8,875;4.3,908;3.8
792:40.7757554&-73.9685523*747;10.0,785;5.4,796;7.3
793:40.777583&-73.9694349*828;1.8,837;3.6,884;10.8
794:40.7754513&-73.9698527*839;1.5,892;5.8,902;1.7
795:40.7757011&-73.9692574*796;1.5,796;2.0,854;1.6
796:40.7757205&-73.969128*795;1.5,795;2.0,792;7.3
797:40.7763347&-73.9716563*817;3.5,768;5.1,787;17.4
798:40.7763909&-73.9692707*770;0.3,766;3.5,823;3.7
799:40.7765534&-73.968853*770;5.6,783;12.2,856;1.6
800:40.7765943&-73.9696147*823;2.6,781;4.1,767;6.9
801:40.7768738&-73.9708358*1324;1.6,811;3.0,819;2.4
802:40.7786184&-73.9714004*905;2.2,838;4.3,895;5.6,890;2.5
803:40.7767425&-73.968849*856;2.3,865;9.5,818;0.5
804:40.7782113&-73.9704598*867;4.0,889;7.3,851;1.9
805:40.7783592&-73.9690249*850;13.1,845;1.9,907;2.3,875;12.3
806:40.7763305&-73.9705032*822;3.9,769;5.7,810;2.0
807:40.7760273&-73.9716756*530;0.7,821;4.7,817;2.4
808:40.7764227&-73.9698723*769;1.9,766;8.2,823;3.6
809:40.7777368&-73.9706668*842;0.4,1322;1.5,1322;1.2
810:40.7764208&-73.9706222*806;2.0,765;1.2,767;7.7
811:40.7770447&-73.970724*801;3.0,825;0.6,778;5.4
812:40.7770445&-73.9681768*857;6.4,836;3.8,776;6.8
813:40.7783389&-73.9713909*860;7.0,866;1.6,890;3.7
814:40.7783194&-73.9678064*873;1.2,868;9.0,830;2.2
815:40.776467&-73.9710108*843;7.3,772;3.9,768;4.2
816:40.7771539&-73.9694057*784;4.4,882;6.4,849;2.5
817:40.77614&-73.9718064*807;2.4,797;3.5,134;11.0
818:40.7767682&-73.9688784*771;5.2,803;0.5,784;4.4
819:40.7767173&-73.9708526*1324;1.6,801;2.4,772;0.5
820:40.7756106&-73.9698216*831;10.4,832;4.1,902;0.9
821:40.7760029&-73.9712842*822;12.4,765;9.4,807;4.7
822:40.7760844&-73.970477*821;12.4,806;3.9,769;7.4
823:40.7764377&-73.9695761*808;3.6,798;3.7,800;2.6
824:40.7773801&-73.969671*837;1.8,849;4.3,921;0.8
825:40.7770263&-73.9706811*869;6.6,811;0.6,1323;1.9
826:40.7762298&-73.96799*774;4.9,894;4.5,782;2.9
827:40.7767842&-73.9693215*781;0.5,784;3.8,786;7.6
828:40.7775269&-73.9693049*882;1.5,793;1.8,921;4.6
829:40.7778491&-73.9711424*883;0.8,880;4.4,933;8.7
830:40.7783925&-73.9679682*814;2.2,845;11.0,861;1.7
831:40.7760774&-73.9692721*783;0.4,820;10.4,766;1.4
832:40.7755663&-73.9701595*820;4.1
833:40.7722479&-73.9688542*157;1.9,924;8.2,434;19.4
834:40.7724608&-73.9697534*906;1.6
835:40.7783582&-73.9717601*881;2.0
836:40.7772822&-73.9682536*865;2.1,812;3.8,879;5.2
837:40.7774894&-73.9697131*824;1.8,852;4.8,793;3.6
838:40.778678&-73.9710459*802;4.3,895;3.2,899;0.7
839:40.7754433&-73.9697367*854;8.3,794;1.5,892;7.5
840:40.771869&-73.9704068*925;4.7,919;6.3,912;4.1
841:40.7774559&-73.9708764*171;2.7,1318;1.9,778;2.3
842:40.7777418&-73.9707044*1321;0.3,809;0.4,171;2.3
843:40.7761751&-73.9713722*815;7.3
844:40.7778504&-73.9672281*858;6.0,863;5.7,868;1.9,1202;4.6
845:40.7783918&-73.9688672*805;1.9,830;11.0,907;1.9,861;12.7
846:40.7785308&-73.9710447*886;2.6,899;2.5,890;2.5
847:40.7776713&-73.968165*879;4.3
848:40.7759639&-73.9692721*785;11.7,854;4.5,783;1.4
849:40.7771396&-73.9696095*773;5.1,824;4.3,816;2.5
850:40.7777006&-73.9686735*853;2.6,861;12.1,805;13.1
851:40.778314&-73.9703781*804;1.9,884;7.9,791;7.6
852:40.7774079&-73.9701012*773;5.9,837;4.8,877;2.4
853:40.77758&-73.9685192*879;0.4,788;6.0,850;2.6
854:40.7757088&-73.9693961*795;1.6,848;4.5,839;8.3,902;6.0
855:40.7722109&-73.9696086*911;2.3,575;3.6,923;4.9,576;4.5
856:40.7766181&-73.9687431*799;1.6,780;3.8,803;2.3
857:40.7771712&-73.9676712*775;8.2,812;6.4,858;6.0
858:40.7774801&-73.9673687*844;6.0,857;6.0,863;2.8,1195;4.1
859:40.778004&-73.9717327*866;6.2,860;7.0,860;1.6
860:40.7780954&-73.9717991*813;7.0,859;1.6,859;7.0
861:40.7782984&-73.9680358*850;12.1,845;12.7,830;1.7
862:40.7789421&-73.9695403*1316;1.2,779;2.2,900;0.8
863:40.7776221&-73.9675304*844;5.7,903;2.4,858;2.8
864:40.7778199&-73.966678*1202;0.8,132;3.8
865:40.7772486&-73.9684243*803;9.5,777;6.6,836;2.1
866:40.7782392&-73.9714284*859;6.2,880;4.3,813;1.6
867:40.7780213&-73.97069*888;0.4,1320;1.2,804;4.0,883;5.7
868:40.7779628&-73.9672127*814;9.0,844;1.9,1308;9.2
869:40.7768137&-73.9702655*767;2.1,786;5.6,825;6.6
870:40.7788933&-73.9718329*905;5.2,910;11.8,1239;13.5
871:40.7791186&-73.9692076*1310;1.2,779;2.7,907;11.0
872:40.7791092&-73.9709737*891;0.4
873:40.7783749&-73.9677305*814;1.2
874:40.7787224&-73.9708038*899;2.3,790;5.2,914;8.3
875:40.7785939&-73.9698998*896;1.3,805;12.3,791;4.3
876:40.7774019&-73.9706605*877;5.3,1318;1.0,1319;4.9
877:40.7775084&-73.9702546*852;2.4,789;3.0,876;5.3
878:40.7774958&-73.9712619*787;3.7,933;1.6,1321;8.0
879:40.7775579&-73.9684945*853;0.4,836;5.2,847;4.3
880:40.7780805&-73.9711473*829;4.4,866;4.3,889;4.5
881:40.7784641&-73.9716669*835;2.0,905;2.6,886;7.5
882:40.7774833&-73.9691876*816;6.4,788;4.1,828;1.5
883:40.7778229&-73.9710843*829;0.8,867;5.7,933;5.3
884:40.7778332&-73.9702646*793;10.8,885;2.3,851;7.9
885:40.7778471&-73.9704599*789;2.8,884;2.3,888;3.5
886:40.7783684&-73.9710694*881;7.5,889;0.8,846;2.6
887:40.7797454&-73.9710483*1247;1.6,901;3.9,564;5.1
888:40.7780045&-73.9706626*867;0.4,1321;4.4,885;3.5
889:40.7783197&-73.9710519*804;7.3,886;0.8,880;4.5
890:40.7785389&-73.9712302*813;3.7,846;2.5,802;2.5
891:40.7791211&-73.97094*872;0.4,914;3.3,895;5.0
892:40.7751732&-73.9701691*839;7.5,918;5.0,794;5.8
893:40.7724743&-73.9695154*916;2.5,917;1.5,906;1.5
894:40.7761169&-73.9676903*932;6.1,826;4.5,782;4.8
895:40.7788696&-73.971107*838;3.2,802;5.6,891;5.0
896:40.7785617&-73.9699996*875;1.3
897:40.777326&-73.9695957*921;0.7
898:40.7773558&-73.9668927*1195;0.7,864;6.1
899:40.7786812&-73.9709898*846;2.5,874;2.3,838;0.7
900:40.7789062&-73.9695871*909;6.4,909;5.6,862;0.8
901:40.7795186&-73.9709503*887;3.9,910;3.8,914;4.6
902:40.7755545&-73.9698277*854;6.0,794;1.7,820;0.9
903:40.7775626&-73.967693*863;2.4
904:40.7726116&-73.9676568*435;1.5,639;8.2,924;10.1
905:40.778611&-73.9715886*802;2.2,881;2.6,870;5.2
906:40.7724313&-73.9696189*834;1.6,893;1.5,911;1.5
907:40.7784927&-73.9689552*805;2.3,845;1.9,871;11.0
908:40.7789726&-73.9699961*909;0.8,779;11.6,791;3.8
909:40.7789441&-73.9699396*900;6.4,900;5.6,908;0.8
910:40.7795036&-73.9712721*870;11.8,901;3.8,1243;2.5
911:40.7723555&-73.9695617*855;2.3,906;1.5,917;1.5
912:40.7716565&-73.9706153*919;6.3,155;3.4,840;4.1
913:40.7753471&-73.9675684*673;0.7,931;6.7
914:40.7792531&-73.9707975*901;4.6,891;3.3,874;8.3,790;8.5
915:40.7748197&-73.9679713*130;2.2,1196;3.8,751;1.5
916:40.7726237&-73.9694364*923;5.3,893;2.5,339;14.3
917:40.7723972&-73.9694619*923;2.6,911;1.5,893;1.5
918:40.7749721&-73.9704656*892;5.0
919:40.771559&-73.9701094*929;1.4,912;6.3,840;6.3
920:40.7736894&-73.9692693*1263;0.7,438;1.2,982;3.5,658;19.1
921:40.7773675&-73.9696086*824;0.8,897;0.7,828;4.6
922:40.774427&-73.9676137*927;0.8
923:40.7723484&-73.9692543*917;2.6,960;1.9,916;5.3,855;4.9
924:40.7726865&-73.9684696*1193;1.0,833;8.2,904;10.1
925:40.7721625&-73.9703932*575;6.3,642;10.7,840;4.7
926:40.7737191&-73.9690534*439;1.0,1194;5.3,527;11.7
927:40.7744025&-73.9675573*922;0.8,128;8.3,743;4.6
928:40.7755884&-73.9677083*930;1.9,930;16.3,673;2.6
929:40.7715229&-73.9700015*959;1.0,919;1.4,576;7.4
930:40.7756951&-73.9675899*932;0.9,928;16.3,928;1.9
931:40.7758053&-73.9672534*1201;0.7,898;19.9
932:40.7757472&-73.9675205*930;0.9,894;6.1,1201;2.0
933:40.7775722&-73.9713364*883;5.3,829;8.7,878;1.6
934:40.7737696&-73.9703548*540;7.7,123;18.5,440;3.5
935:40.7738681&-73.9714235*137;4.4,993;2.3,936;9.6
936:40.7738876&-73.9722276*992;1.2,935;9.6,937;1.2
937:40.7739074&-73.9723201*936;1.2,994;2.3,941;18.9
938:40.7743369&-73.9735354*19;1.9,1;1.7,1002;11.0,939;10.1,442;15.1
939:40.7747597&-73.9730472*938;10.1,512;14.9,940;3.6
940:40.7749319&-73.9728514*133;0.5,512;5.6,941;3.0,939;3.6
941:40.7749366&-73.9725983*136;0.4,137;22.4,937;18.9,940;3.0
942:40.7775997&-73.9730557*946;5.4,943;1.4,944;2.7
943:40.7776516&-73.9729679*942;1.4
944:40.7776791&-73.9728784*947;3.1,945;1.1,942;2.7
945:40.7776988&-73.9727919*944;1.1
946:40.777835&-73.9733621*1291;1.3,660;10.8,942;5.4
947:40.7778583&-73.9729437*949;3.8,944;3.1,948;2.9
948:40.7779889&-73.9731019*949;2.3,1291;3.0,947;2.9
949:40.7780866&-73.9729596*948;2.3,661;2.2,947;3.8
950:40.7784335&-73.9727921*1239;0.9,589;0.7,1243;26.0,1248;4.5
951:40.7696149&-73.9722865*1265;0.6,145;3.2,952;9.5,959;41.5
952:40.7697621&-73.9730446*1260;0.4,688;0.9,954;10.7,951;9.5
953:40.7698674&-73.9731094*688;1.5,420;8.5,408;8.6
954:40.7700007&-73.9738816*420;1.6,952;10.7,172;4.8
955:40.7718012&-73.9731865*506;2.8,225;12.6,956;1.8
956:40.7719037&-73.9732664*1395;1.3,955;1.8,226;16.8
957:40.7725675&-73.9727711*225;1.4,226;14.4,976;13.0
958:40.7733776&-73.9725981*976;1.6,977;0.9,225;13.8
959:40.7714771&-73.9699361*1266;0.5,929;1.0,951;41.5,960;16.6
960:40.7723083&-73.9690981*1262;0.5,923;1.9,959;16.6,1378;11.7
961:40.7723662&-73.9716052*965;4.7,152;25.4,1274;2.0,337;2.6
962:40.7724097&-73.9718024*1273;0.5,966;4.7,1274;0.4
963:40.7725725&-73.9711316*642;4.7
964:40.7726061&-73.9712786*337;4.7
965:40.7726554&-73.9714939*961;4.7
966:40.7727003&-73.9716899*962;4.7
967:40.7727618&-73.9718248*547;2.4
968:40.7729488&-73.9717501*969;1.9
969:40.7729825&-73.9719016*547;3.1,968;1.9,524;5.6
970:40.7730339&-73.9747941*599;2.9,974;9.5,983;8.1
971:40.7732032&-73.9708302*339;7.8
972:40.7732732&-73.9715814*524;1.4
973:40.7732782&-73.9690451*1264;1.2,979;4.1,1378;4.1
974:40.7733554&-73.9754743*978;0.7,970;9.5,598;8.2
975:40.7733767&-73.9709733*986;3.4
976:40.7733745&-73.9727334*958;1.6,988;5.8,957;13.0
977:40.7733836&-73.9725222*600;1.1,601;1.1,958;0.9
978:40.7733831&-73.9754295*974;0.7
979:40.7734081&-73.9693425*982;1.0,973;4.1,980;12.3
980:40.7734346&-73.9703643*436;0.9,979;12.3,986;6.6,339;6.6
981:40.773454&-73.9715118*985;1.2
982:40.7734667&-73.969312*979;1.0,920;3.5,436;9.8,1264;3.2
983:40.7734585&-73.9751921*970;8.1
984:40.7734684&-73.9713888*987;3.4
985:40.7734718&-73.9716112*981;1.2,991;7.4,524;2.9
986:40.7735855&-73.9708925*975;3.4,987;5.0,158;0.9,980;6.6
987:40.7736773&-73.9713009*984;3.4,986;5.0,509;0.9,991;9.1
988:40.7737019&-73.9729578*602;7.3,997;12.2,976;5.8
989:40.7737298&-73.9708361*993;5.0,440;2.5,154;6.3,158;1.4
990:40.773742&-73.9721672*992;1.2,603;0.9,991;1.4
991:40.7737515&-73.9720504*990;1.4,985;7.4,987;9.1
992:40.7738143&-73.9721958*18;1.0,990;1.2,936;1.2,509;8.8
993:40.7738243&-73.9712391*989;5.0,935;2.3,154;6.1,509;1.5
994:40.7738995&-73.9725166*1051;10.8,18;3.0,937;2.3,1;13.1
995:40.7740204&-73.9750292*543;4.0,526;2.1,996;1.7
996:40.7740436&-73.974889*525;5.0,526;2.6,995;1.7
997:40.7741837&-73.9737532*998;0.6,583;7.8,988;12.2
998:40.7742082&-73.9737184*19;1.0,997;0.6,1001;12.3,603;20.1
999:40.7744299&-73.9753044*1000;0.7,526;5.2,598;12.4,583;12.8
1000:40.774468&-73.9753424*1238;0.4,999;0.7,1001;9.6
1001:40.774625&-73.9745691*549;1.3,1000;9.6,998;12.3
1002:40.7747296&-73.9743121*1003;1.2,2;0.9,938;11.0
1003:40.7747426&-73.9744131*1002;1.2,549;1.3,2;0.8
1004:40.7748093&-73.9743978*510;0.7,1246;1.9,2;0.7,1311;11.3
1005:40.7665518&-73.9726651*142;36.9,689;3.6
1006:40.766912&-73.9731164*1007;3.6,1009;7.8,647;22.2
1007:40.7670184&-73.9733792*1008;1.2,650;5.4,383;18.0,1006;3.6
1008:40.7670925&-73.9734204*1007;1.2,359;22.7,374;2.6,375;3.6
1009:40.7673969&-73.9732822*374;3.0,1013;11.6,1006;7.8
1010:40.7677367&-73.9737836*1011;1.8,375;7.6,617;5.6
1011:40.7678431&-73.9737265*1010;1.8,521;3.2,364;4.4
1012:40.7681409&-73.9737921*75;2.2,364;0.3,1013;5.8
1013:40.7681455&-73.9733239*649;11.3,1009;11.6,1012;5.8
1014:40.7683297&-73.9758939*1251;0.6,397;7.0,181;26.8,398;27.2
1015:40.7688623&-73.9731513*676;1.0,649;0.7,1018;12.8
1016:40.7690083&-73.9726373*657;20.2
1017:40.7696&-73.97306*676;12.0,656;7.5,1018;1.2
1018:40.7696438&-73.9731433*144;1.1,1015;12.8,1017;1.2,1022;4.1
1019:40.7696909&-73.975367*1020;1.6,377;19.1,404;6.2
1020:40.7697101&-73.9752368*1021;0.9,1019;1.6,1023;1.6
1021:40.7697227&-73.9751617*1020;0.9,181;6.0,139;15.7
1022:40.7697774&-73.9734425*1018;4.1,141;9.4,610;6.2
1023:40.7698117&-73.9752415*1020;1.6,1024;1.6,1025;1.7
1024:40.7698478&-73.9753612*1023;1.6
1025:40.7698618&-73.9751221*1023;1.7
1026:40.76644&-73.9763532*387;1.1,367;6.6,1027;8.3
1027:40.7668784&-73.976502*1026;8.3
1028:40.7672743&-73.9750573*359;1.0,112;5.4,1343;2.8
1029:40.7676629&-73.9760673*1030;10.0,112;8.1,381;19.5,368;7.8
1030:40.7682562&-73.9757338*1259;0.9,655;19.4,1029;10.0,72;7.3
1031:40.7675208&-73.9710376*620;1.4
1032:40.7680097&-73.9712527*346;7.8,620;9.9,657;14.0
1033:40.7799178&-73.9713372*311;1.2,8;2.0,313;5.4,591;20.2
1034:40.7809945&-73.9703768*86;1.6,562;7.5,313;16.2
1035:40.7906932&-73.9602045*1036;7.1,40;13.1,39;10.9
1036:40.7908376&-73.959659*1038;6.6,1035;7.1,40;6.7
1037:40.7912034&-73.9624756*1039;4.0,1302;18.8,1304;2.9
1038:40.7912608&-73.9595803*1043;13.5,1036;6.6,664;6.5
1039:40.7914578&-73.9625218*1040;0.5,1044;4.9,1037;4.0
1040:40.7914803&-73.9625566*1039;0.5,1230;0.7,1303;8.9,1045;4.7
1041:40.7915301&-73.9626567*1230;0.7,1042;0.8,5;13.0
1042:40.7915588&-73.9627132*1041;0.8,1047;4.2,268;16.8
1043:40.7915789&-73.9588448*664;7.9,42;6.8,1038;13.5
1044:40.7917331&-73.9623193*1045;0.6,261;10.2,1039;4.9,230;11.7
1045:40.7917451&-73.9623684*1229;0.8,1044;0.6,1040;4.7,667;14.0
1046:40.791779&-73.962493*1047;1.0,1229;0.8,1041;3.5
1047:40.7918045&-73.9625729*1046;1.0,236;12.3,1042;4.2,1305;10.4
1048:40.7928982&-73.9614125*666;2.0,255;8.0,260;8.3,1050;11.4
1049:40.7931983&-73.9578793*292;4.8,38;5.8,37;4.8
1050:40.7934801&-73.9608538*520;1.2,1048;11.4,228;16.7
1051:40.7745664&-73.9726623*994;10.8,1052;11.3,1052;2.7
1052:40.7746265&-73.9728606*1051;2.7,1051;11.3,1;9.0
1053:40.7789566&-73.9667393*115;0.5
1054:40.7789866&-73.9668077*115;0.4
1055:40.7796667&-73.9655539*1058;2.8
1056:40.7796841&-73.9699441*611;0.9,613;1.5,1060;3.2
1057:40.7797185&-73.9696224*161;2.0,611;4.2,1059;5.1
1058:40.7797197&-73.9657811*318;6.4,118;5.8,1055;2.8
1059:40.7798081&-73.9698744*1060;1.0,1060;3.0,1057;5.1
1060:40.7798384&-73.9699526*1059;1.0,1059;3.0,1056;3.2
1061:40.7798386&-73.9695725*161;0.6,1061;5.3,1061;5.3
1062:40.7801498&-73.9692645*1064;2.4,1063;1.7,1063;0.8
1063:40.7801567&-73.9691943*1066;2.1,1062;1.7,1062;0.8
1064:40.7801897&-73.9694634*162;2.3,1062;2.4,563;0.4
1065:40.7802621&-73.9615185*1336;0.8,1074;11.8
1066:40.7802825&-73.969132*1067;1.3,1068;3.9,1063;2.1
1067:40.7803256&-73.9692247*546;0.5,162;1.9,1066;1.3
1068:40.7804232&-73.9688685*1072;3.1,1070;9.9,1066;3.9
1069:40.7804447&-73.9691714*163;1.5
1070:40.7804932&-73.9683088*80;4.4,1072;7.4,1068;9.9
1071:40.7805047&-73.9690843*1073;2.5
1072:40.7806147&-73.9689105*1073;1.1,1070;7.4,1068;3.1
1073:40.780647&-73.9689925*1072;1.1,88;1.0,1071;2.5
1074:40.7808478&-73.9621506*91;17.2,1065;11.8,1392;51.4
1075:40.7818504&-73.9651016*82;8.4,81;23.7,324;3.7
1076:40.7821521&-73.9646888*560;1.1
1077:40.7823679&-73.9642166*1078;6.6,560;8.5,1080;8.7
1078:40.7825742&-73.964712*1080;8.5,560;8.6,1077;6.6
1079:40.7827864&-73.9642351*1080;1.1
1080:40.7828471&-73.9641951*1079;1.1,561;27.0,1078;8.5,1077;8.7
1081:40.7835343&-73.9676596*515;2.3,1361;4.1,1082;11.8
1082:40.7841949&-73.9671767*569;0.8,1287;5.7,1081;11.8,561;16.7
1083:40.7951696&-73.9595483*1084;2.9,1084;2.5,265;4.8
1084:40.7952733&-73.959383*241;9.1,1083;2.9,1083;2.5
1085:40.7971427&-73.9595176*519;2.9,22;13.5,1152;5.9
1086:40.7921149&-73.9537229*98;18.6,188;11.2,189;2.1
1087:40.7939209&-73.9586656*1088;24.6,1220;8.1,1091;9.2
1088:40.7941492&-73.956359*1097;9.3,1093;6.8,1087;24.6
1089:40.7942479&-73.9577615*273;2.7,1094;5.1,286;6.6
1090:40.7943981&-73.9580788*273;1.8,1095;3.1,1092;1.3
1091:40.7944069&-73.9582601*1092;0.8,298;1.1,1087;9.2
1092:40.7944092&-73.95819*1090;1.3,1091;0.8,1095;1.7
1093:40.7944603&-73.9557698*1096;4.6,489;3.6,1088;6.8
1094:40.7944557&-73.9574358*1328;2.3,1089;5.1,1101;8.4
1095:40.7945134&-73.958206*1090;3.1,306;1.3,1092;1.7
1096:40.79468&-73.9560184*1098;3.6,1093;4.6,1104;4.1
1097:40.794691&-73.9565693*1098;2.9,1088;9.3,1101;5.0
1098:40.7946952&-73.9563194*1097;2.9,1096;3.6,1103;3.5
1099:40.7946985&-73.9549903*1100;3.6,280;5.2,283;2.7
1100:40.7947653&-73.9552818*1099;3.6,1106;4.6,489;4.9
1101:40.794824&-73.9569198*1102;0.4,1094;8.4,1097;5.0
1102:40.7948425&-73.9568923*1101;0.4,1105;1.7,1108;6.8
1103:40.7948882&-73.956174*1104;1.5,1109;4.2,1098;3.5
1104:40.7948986&-73.9560752*1096;4.1,1106;11.6,1103;1.5
1105:40.7949126&-73.9570052*1102;1.7
1106:40.7950461&-73.955203*1100;4.6,1107;0.7,1104;11.6
1107:40.7950561&-73.9551446*283;5.6,279;4.7,1106;0.7
1108:40.7950771&-73.9564026*1102;6.8,1109;2.4,1112;4.2
1109:40.7951479&-73.9562182*1108;2.4,303;6.2,1103;4.2
1110:40.7952709&-73.9570595*287;6.5,306;19.3,1113;8.1
1111:40.7953026&-73.9522479*210;3.7
1112:40.7953306&-73.9564718*1108;4.2
1113:40.7954867&-73.9564372*1115;2.1,282;1.8,1110;8.1
1114:40.7955503&-73.9561521*1116;1.5,282;2.7,282;1.8,285;1.6
1115:40.7955723&-73.9565692*287;4.2,1121;10.0,1113;2.1
1116:40.7956396&-73.9560997*285;1.2,1215;5.9,1114;1.5
1117:40.7958851&-73.955413*495;8.3,58;22.1,1376;3.4
1118:40.7958924&-73.9601926*258;11.8,231;3.8,1123;5.7
1119:40.7959116&-73.9557018*1215;0.9,499;25.9
1120:40.7960916&-73.9567177*224;7.1,287;7.5,1121;5.0
1121:40.7961624&-73.9563023*1122;0.8,1120;5.0,1115;10.0
1122:40.7961803&-73.9562428*1121;0.8,1127;1.7,1127;3.0
1123:40.7961826&-73.9604171*1124;2.2,1126;2.3,1118;5.7
1124:40.796223&-73.9602885*1123;2.2
1125:40.7962546&-73.9606223*1126;0.5,491;7.0,1133;7.7
1126:40.7962571&-73.9605789*1125;0.5,1129;2.6,1123;2.3
1127:40.7962735&-73.9561746*1122;1.7,1122;3.0,1135;6.5
1128:40.7963003&-73.960203*1129;2.6
1129:40.7963497&-73.9604168*1130;1.8,1128;2.6,1126;2.6
1130:40.7964559&-73.9603516*1129;1.8,1134;2.9,1132;2.6
1131:40.7965437&-73.9566292*224;0.5,223;12.6,1135;7.3
1132:40.7965638&-73.960185*258;2.1,1130;2.6,1134;1.9
1133:40.7966297&-73.9603733*1134;0.8,1125;7.7,1145;8.0
1134:40.7966371&-73.9603073*1133;0.8,1130;2.9,1138;3.1,1132;1.9
1135:40.7966702&-73.9560286*1127;6.5,1149;14.1,1131;7.3
1136:40.7967626&-73.9600792*1138;1.2
1137:40.7967643&-73.9598784*518;2.8,258;2.8,1139;3.1
1138:40.7968043&-73.9601604*1139;1.3,1136;1.2,1134;3.1
1139:40.7968717&-73.9600965*1138;1.3,1141;1.2,1137;3.1
1140:40.7969124&-73.9511678*1143;1.6
1141:40.7969353&-73.9600445*1139;1.2
1142:40.7970057&-73.9600489*1145;2.3
1143:40.7970157&-73.9511486*1140;1.6,497;3.7,1146;2.5
1144:40.7970244&-73.9598081*519;2.0
1145:40.7970676&-73.9602248*1142;2.3,1150;8.1,1133;8.0
1146:40.7970803&-73.9509694*1143;2.5,496;14.3,497;3.6
1147:40.7971517&-73.9598824*1150;4.9
1148:40.7974013&-73.9513653*498;2.6
1149:40.7974021&-73.9553913*1151;1.4,1151;1.4,1135;14.1
1150:40.7974516&-73.9597661*1152;0.8,1145;8.1,1147;4.9
1151:40.7974762&-73.9553381*1149;1.4,1149;1.4,1154;4.2
1152:40.7974824&-73.9597108*1150;0.8,1085;5.9,294;9.0
1153:40.7975626&-73.9564275*223;7.8,1222;8.3,289;6.7
1154:40.7977183&-73.9553463*1151;4.2,56;11.4,55;3.5
1155:40.7978797&-73.9555884*55;0.4,1159;9.0,289;5.1
1156:40.7982633&-73.9560849*1157;1.2,1159;7.3,275;1.1
1157:40.7983399&-73.9560729*1158;1.0,1156;1.2,1167;6.8
1158:40.7983755&-73.9560999*1157;1.0
1159:40.7984337&-73.9555467*1155;9.0,272;9.9,1156;7.3
1160:40.7984776&-73.9565426*275;5.4,1162;4.7,1163;3.0
1161:40.7985078&-73.9577505*1170;7.2,291;6.6,1171;5.7
1162:40.798555&-73.9569281*291;6.8,1160;4.7,1166;5.2
1163:40.7986674&-73.9565162*1160;3.0,1166;1.3,1165;1.1
1164:40.7986697&-73.9563857*1165;0.4
1165:40.7986709&-73.9564224*1164;0.4,1169;1.8,1163;1.1
1166:40.7987004&-73.9566123*1163;1.3,1162;5.2,300;9.6
1167:40.7987215&-73.9559384*1168;0.9,1157;6.8,300;7.6
1168:40.7987495&-73.9558722*1167;0.9
1169:40.7987737&-73.9563459*1165;1.8
1170:40.7987862&-73.9580738*1171;1.9,1161;7.2,1223;4.7
1171:40.798831&-73.9579268*1172;3.3,1170;1.9,1161;5.7
1172:40.7990275&-73.9578473*300;19.1,1171;3.3,1224;7.3
1173:40.7990657&-73.9558527*1175;2.8
1174:40.7990753&-73.9561452*1176;0.8,300;3.3,1175;0.9
1175:40.7990791&-73.9560699*1173;2.8,1176;0.9,1174;0.9
1176:40.7991153&-73.9561238*1175;0.9,305;13.6,1174;0.8
1177:40.7892173&-73.962577*1300;1.4,266;4.1,1298;2.5
1178:40.7893083&-73.9621018*235;2.0,1300;4.4,237;20.0
1179:40.7893439&-73.9618043*235;1.6,235;2.3,229;21.6
1180:40.7897499&-73.9574709*1208;0.7,34;0.5,477;18.2,536;40.3
1181:40.7910984&-73.9553538*186;23.1,169;11.0,1182;2.8
1182:40.7912748&-73.9553218*170;7.9,1181;2.8,188;14.1
1183:40.7941564&-73.9552511*668;3.4,1218;13.3,1227;32.6
1184:40.7812075&-73.9610299*1187;5.4,1185;7.9
1185:40.781446&-73.9616198*1184;7.9,1186;7.0,1187;8.5
1186:40.7815327&-73.9622035*1188;1.2,390;16.5,1185;7.0
1187:40.781537&-73.9609148*1184;5.4,1185;8.5,1190;47.1
1188:40.7816043&-73.9622476*1204;1.0,1186;1.2,459;49.5
1189:40.7838875&-73.9655176*455;1.1,454;0.7,1396;12.4
1190:40.7841106&-73.9588449*548;1.2,1187;47.1,459;1.1
1191:40.7843167&-73.9587982*1211;0.9,532;45.2,1276;1.1
1192:40.7844264&-73.9590272*1211;2.3,460;3.6,463;2.6
1193:40.7727471&-73.9685051*924;1.0,1382;2.0,507;2.5
1194:40.7734211&-73.968831*13;1.8,1379;6.2,926;5.3
1195:40.7773625&-73.9669639*898;0.7,1202;7.9,1201;25.0,858;4.1
1196:40.7749609&-73.9682281*131;1.0,915;3.8,659;5.7,758;15.0
1197:40.7813972&-73.9636366*120;0.6,121;1.0,1204;16.9,1388;17.2
1198:40.778244&-73.966492*1199;2.1,1308;1.1,1200;25.9
1199:40.7781231&-73.9665719*132;0.9,1198;2.1,1308;1.3,1202;4.8
1200:40.7795439&-73.9651376*531;0.9,1388;17.0,1198;25.9
1201:40.7758028&-73.9673263*931;0.7,1195;25.0,673;7.2,932;2.0
1202:40.7778432&-73.966753*864;0.8,1199;4.8,1195;7.9,844;4.6
1203:40.79286&-73.9551125*1206;2.5,1217;3.0,1386;4.4
1204:40.7816654&-73.9622645*1188;1.0,1209;60.8,1197;16.9,248;2.1
1205:40.7917687&-73.9556176*536;1.5,170;0.9,1207;13.0,1208;38.3
1206:40.7927&-73.955073*98;0.9,1203;2.5,1207;3.7
1207:40.792462&-73.9550508*301;2.1,1206;3.7,1205;13.0
1208:40.7897395&-73.9574095*1180;0.7,27;0.9,1210;35.0,1205;38.3
1209:40.7841562&-73.9589999*460;2.3,1211;3.3,459;0.9,1204;60.8
1210:40.7876034&-73.9570997*532;0.9,267;6.7,1208;35.0,1211;55.8
1211:40.784345&-73.9588627*1209;3.3,1192;2.3,1191;0.9,1210;55.8
1212:40.7988826&-73.9551156*505;0.6,1216;21.8,1224;46.1,272;1.6
1213:40.7955436&-73.9554639*494;1.0,278;2.5,1215;7.0,1214;9.5
1214:40.7956346&-73.9547142*495;1.1,1213;9.5,672;25.5
1215:40.7959061&-73.955775*1119;0.9,1116;5.9,1216;32.8,1213;7.0
1216:40.7977116&-73.9544112*499;0.7,56;5.1,1212;21.8,1215;32.8
1217:40.7929203&-73.9553572*97;1.3,1203;3.0,301;7.4,1218;6.8
1218:40.793353&-73.9553125*288;0.9,1217;6.8,1183;13.3,670;2.8
1219:40.7943982&-73.9593404*1220;0.5,488;5.4
1220:40.7943715&-73.9592941*1219;0.5,1087;8.1,1226;7.2,1225;47.7
1221:40.7981629&-73.9574166*501;0.6,1223;16.9,1222;16.1,291;2.1
1222:40.7972591&-73.956983*94;0.7,1221;16.1,1153;8.3,1225;12.0
1223:40.7987768&-73.9584717*504;0.7,1224;2.5,1170;4.7,1221;16.9
1224:40.7989358&-73.9584549*1223;2.5,1212;46.1,1172;7.3
1225:40.7965183&-73.9567354*517;0.7,224;0.9,1222;12.0,1220;47.7
1226:40.7940759&-73.9597488*488;0.6,487;7.6,665;16.3,1220;7.2
1227:40.7935403&-73.957537*1183;32.6,487;24.2,292;4.5
1228:40.7925973&-73.9619962*483;0.8,667;1.0,445;8.5,1229;13.9
1229:40.7917625&-73.9624322*1046;0.8,1045;0.8,1230;4.5,1228;13.9
1230:40.7915061&-73.9626054*1040;0.7,1041;0.7,1233;17.0,1229;4.5
1231:40.7893983&-73.9641194*10;0.8,1232;27.6,1233;23.6,481;3.4
1232:40.788373&-73.9658888*470;2.7,479;0.7,1236;11.7,1231;27.6
1233:40.7908047&-73.9636781*0;1.8,247;0.7,1231;23.6,1230;17.0
1234:40.7807761&-73.9697741*566;1.1,562;0.9,1235;54.7,1244;17.1
1235:40.7837109&-73.9678056*515;1.0,26;0.7,1234;54.7,1237;18.4
1236:40.78788&-73.9666361*534;3.0,535;0.8,1232;11.7,1237;52.0
1237:40.7847453&-73.9670694*310;1.8,48;0.7,1235;18.4,1236;52.0
1238:40.774488&-73.9753697*1000;0.4,179;0.9,1245;9.2,1240;12.8
1239:40.7783855&-73.9727557*950;0.9,870;13.5,661;4.4
1240:40.7738047&-73.9759708*598;1.0,626;1.1,1238;12.8,1242;16.0
1241:40.7773649&-73.9740304*11;0.8,660;0.9,1248;18.1,1311;30.2
1242:40.7728555&-73.976503*629;1.2,654;0.8,1240;16.0,1254;17.7
1243:40.7796584&-73.9713229*1247;3.0,910;2.5,950;26.0
1244:40.7800396&-73.9708518*564;1.3,1247;5.1,565;0.7,1234;17.1
1245:40.7746954&-73.9746501*1246;1.6,20;1.6,1238;9.2,1384;1.3
1246:40.7747387&-73.9745286*1004;1.9,1245;1.6,1384;0.9
1247:40.7798067&-73.9711605*8;0.7,1244;5.1,1243;3.0,887;1.6
1248:40.778261&-73.9730957*586;0.7,661;0.9,1241;18.1,950;4.5
1249:40.7723881&-73.9767538*150;7.8
1250:40.7725782&-73.9769033*1278;0.6,582;0.7,1249;2.9
1251:40.7683095&-73.9758553*1259;0.7,1014;0.6,1257;27.9,1258;31.8
1252:40.7701231&-73.9791804*634;0.5,1255;4.8,1253;21.2
1253:40.7689053&-73.9798794*416;0.6,415;0.8,1252;21.2,1256;20.2
1254:40.7718019&-73.9770624*631;0.9,150;0.7,1242;17.7,1255;31.4
1255:40.770368&-73.9789297*633;0.6,395;0.8,1254;31.4,1252;4.8
1256:40.7678905&-73.9788467*6;0.7,410;1.2,1253;20.2,1257;19.6
1257:40.7672721&-73.9774014*363;0.7,398;2.5,1256;19.6,1251;27.9
1258:40.7699191&-73.9742767*140;0.6,172;0.5,1251;31.8,1260;15.2
1259:40.7682839&-73.9758036*1030;0.9,1251;0.7,140;25.2
1260:40.7697404&-73.9730645*144;0.7,952;0.4,1258;15.2,1265;10.0
1261:40.775054&-73.9683302*131;0.9,673;10.2,1267;5.9,747;1.5
1262:40.7722988&-73.9690611*960;0.5,157;0.7,1381;11.9,1266;16.9
1263:40.7736927&-73.969211*920;0.7,439;0.9,1267;18.6,1264;5.8
1264:40.7733525&-73.9690098*13;0.8,973;1.2,23;1.8,1263;5.8,1381;5.2,982;3.2
1265:40.7695816&-73.9722678*951;0.6,12;0.7,1260;10.0,1266;41.7
1266:40.771451&-73.969905*959;0.5,156;0.6,1262;16.9,1265;41.7
1267:40.7747759&-73.9686756*658;0.5,125;0.7,1261;5.9,1263;18.6
1268:40.7683147&-73.9812384*415;17.8,1269;3.6,1270;2.9
1269:40.7680944&-73.9811613*417;26.8,1271;1.7,1268;3.6
1270:40.76846&-73.981396*1268;2.9,432;8.6
1271:40.7679835&-73.9811647*1272;1.2,44;26.2,1269;1.7
1272:40.7679061&-73.9811726*1271;1.2
1273:40.7724157&-73.9718415*962;0.5,606;1.9,1274;0.9
1274:40.7724019&-73.9717669*962;0.4,961;2.0,1273;0.9
1275:40.7732154&-73.9770323*1330;2.4
1276:40.7842788&-73.9587244*548;1.8,533;57.3,1191;1.1
1277:40.790149&-73.9592261*40;4.6,9;31.1,21;18.0
1278:40.7726183&-73.9768941*31;1.2,627;1.0,1250;0.6
1279:40.7998574&-73.9570632*299;1.3
1280:40.7694855&-73.9717465*61;9.8,365;5.2,1282;4.3
1281:40.7689649&-73.9717822*1282;4.0
1282:40.7692138&-73.9716917*1281;4.0,1280;4.3,1283;12.9
1283:40.7693597&-73.9711109*61;7.2,64;5.0,1282;12.9
1284:40.7728156&-73.9680407*435;4.4,1375;3.1
1285:40.7882743&-73.9639945*249;2.9,469;20.7,471;26.3
1286:40.7845547&-73.9670139*250;0.3,569;5.9,1287;1.6
1287:40.7844816&-73.9669234*461;7.4,1082;5.7,1286;1.6
1288:40.7818217&-73.9715689*1309;74.2,78;25.9
1289:40.7785267&-73.9729317*1290;1.1,588;1.3,4;2.7,609;9.1
1290:40.7785467&-73.9730218*1289;1.1,609;8.6,587;3.2
1291:40.7779165&-73.973325*948;3.0,946;1.3,1292;1.8
1292:40.7780108&-73.9734052*661;5.1,660;12.6,1291;1.8
1293:40.7820014&-73.9712649*320;2.2,1294;2.4
1294:40.7821256&-73.9711431*1293;2.4
1295:40.7831846&-73.966506*1364;2.0,541;16.8,1296;7.2
1296:40.7827234&-73.9664477*561;19.0,81;1.3,1295;7.2
1297:40.7853006&-73.9669323*534;39.7,534;39.8,466;3.5
1298:40.7890572&-73.962597*473;8.9,266;4.4,1177;2.5
1299:40.7891129&-73.961683*476;13.6,573;26.2,1300;9.5
1300:40.789245&-73.9624629*1178;4.4,1177;1.4,1299;9.5
1301:40.7904968&-73.9621773*254;8.5,242;3.0,1302;11.9
1302:40.7905656&-73.9611785*240;12.5,1037;18.8,1301;11.9
1303:40.791033&-73.9630246*0;8.1,1040;8.9,1304;4.2
1304:40.7911039&-73.9626788*1037;2.9,254;5.5,1303;4.2
1305:40.7923967&-73.9627201*236;5.5,483;8.7,1047;10.4
1306:40.7945356&-73.9517545*205;0.7,104;2.5,1307;1.3
1307:40.7944641&-73.9518069*705;2.4,702;2.3,1306;1.3
1308:40.7782068&-73.9665716*1199;1.3,1198;1.1,117;6.0,868;9.2
1309:40.7786614&-73.9680126*679;0.5,680;1.8,1288;74.2
1310:40.7791765&-73.969145*871;1.2,116;24.4,544;2.0
1311:40.7754259&-73.9739459*1241;30.2,1004;11.3,442;2.9
1312:40.775956&-73.9737058*443;2.0
1313:40.7895571&-73.9653852*256;2.4
1314:40.7937522&-73.9622947*1315;0.8,486;3.4
1315:40.7937427&-73.9623628*1314;0.8
1316:40.7788877&-73.9694708*862;1.2
1317:40.7822314&-73.9680278*87;27.3,662;8.3,85;14.3
1318:40.7774447&-73.970722*876;1.0,841;1.9,171;4.6
1319:40.777672&-73.970443*789;0.8,1322;1.7,876;4.9
1320:40.7780486&-73.9707782*867;1.2
1321:40.7777575&-73.9706925*842;0.3,888;4.4,878;8.0
1322:40.7777178&-73.9705738*1319;1.7,809;1.2,809;1.5
1323:40.7770859&-73.9705575*825;1.9
1324:40.7767986&-73.970935*819;1.6,801;1.6,768;10.3
1325:40.7880137&-73.9666923*252;0.7,1326;2.8,1326;5.4
1326:40.7881644&-73.9665634*1325;2.8,1325;5.4,238;8.5
1327:40.769228&-73.9737937*143;2.0
1328:40.7945743&-73.9575555*1094;2.3
1329:40.771706&-73.978395*399;1.3
1330:40.7730645&-73.9770621*1333;3.6,734;3.5,578;17.6,1275;2.4
1331:40.7727389&-73.9775004*25;2.3,579;1.5,1374;2.1
1332:40.7722127&-73.9772127*684;1.3,686;1.0,653;3.5
1333:40.7728661&-73.9772235*1330;3.6,580;4.0,579;2.8
1334:40.7703107&-73.9757467*1335;4.9
1335:40.7700317&-73.9758703*77;26.7,404;3.2,1334;4.9
1336:40.7802165&-73.9615537*1065;0.8,1341;9.1
1337:40.7784314&-73.9628575*1338;1.9,1340;9.4
1338:40.7783256&-73.962935*675;9.3,1337;1.9
1339:40.7790642&-73.9623957*1340;1.9,1342;9.3
1340:40.7789588&-73.9624721*1339;1.9,1337;9.4
1341:40.7797007&-73.9619306*1342;2.0,1336;9.1
1342:40.7795878&-73.9620134*1339;9.3,1341;2.0
1343:40.7671484&-73.9749907*1028;2.8,1351;8.9,1344;4.1
1344:40.7669303&-73.9750758*1345;3.4,1349;1.2,1343;4.1
1345:40.7667531&-73.9752368*1344;3.4,1346;1.1,1347;3.8
1346:40.7667836&-73.9753193*1345;1.1
1347:40.7665372&-73.9752153*1348;6.8,1345;3.8,1352;1.4
1348:40.7662045&-73.9754514*1347;6.8
1349:40.7669415&-73.9749827*1350;0.8,1344;1.2,1351;2.0
1350:40.7669781&-73.9749377*1349;0.8
1351:40.7668318&-73.9748941*1349;2.0,1343;8.9,1352;6.3
1352:40.766521&-73.9751094*1351;6.3,1347;1.4,1353;1.5
1353:40.7664539&-73.9750269*1352;1.5,1354;2.0,1355;13.4,1356;6.1
1354:40.7663514&-73.9751262*1353;2.0
1355:40.7659405&-73.9746166*1353;13.4
1356:40.7667505&-73.9746997*1353;6.1
1357:40.7790412&-73.964663*1358;4.8
1358:40.7792064&-73.9649556*574;0.8,89;6.3,1357;4.8
1359:40.7802836&-73.9636905*90;8.1
1360:40.7836844&-73.9665069*541;1.5
1361:40.7832695&-73.9676375*164;3.5,1081;4.1,1362;6.8
1362:40.7831116&-73.9670943*1361;6.8
1363:40.7831624&-73.966122*1364;3.6
1364:40.7832743&-73.9663859*1363;3.6,541;5.5,1295;2.0
1365:40.7878423&-73.956648*1368;1.3,1366;3.5,1370;7.2
1366:40.7876839&-73.9567805*1367;1.7,1370;9.3,1365;3.5
1367:40.787711&-73.9566395*1366;1.7,1368;1.0,1369;2.4
1368:40.7877634&-73.9566097*1365;1.3,1369;1.9,1367;1.0
1369:40.7877146&-73.9564862*1370;0.4,1367;2.4,1368;1.9
1370:40.7877082&-73.9564495*1369;0.4,1365;7.2,1366;9.3,1371;9.7
1371:40.7878719&-73.9561153*182;8.0,1370;9.7
1372:40.7945145&-73.9516635*205;0.4,207;3.3,1373;4.7
1373:40.7942294&-73.9515476*732;1.8,207;3.5,1372;4.7
1374:40.772608&-73.9775411*25;2.7,651;0.8,736;6.7,1331;2.1
1375:40.7728709&-73.9683604*507;1.4,1382;1.4
1376:40.7957836&-73.9556611*1117;3.4,293;4.4,1119;1.6
1377:40.7754263&-73.9664717*326;2.5,449;14.6,758;9.2
1378:40.7730407&-73.9688991*1381;0.4,960;11.7,973;4.1
1379:40.773063&-73.9686063*640;2.3,1194;6.2,1380;1.2
1380:40.773038&-73.9686982*1379;1.2,508;1.2,23;3.1,507;2.5
1381:40.7730386&-73.9688615*1378;0.4,1264;5.2,1262;11.9,508;0.7
1382:40.7727934&-73.9683077*1284;2.5
1383:40.7747908&-73.9745352*1246;0.8,20;2.9
1384:40.7746837&-73.9745155*549;0.2,1245;1.3
1385:40.7833947&-73.9645829*1392;1.3
1386:40.7931424&-73.9551241*485;0.8,670;1.8,1203;4.4
1387:40.7805092&-73.9644743*1388;0.8,121;13.6,90;3.2
1388:40.7805357&-73.9645299*1387;0.8,1197;17.2,1200;17.0
1389:40.7879478&-73.9667432*535;0.9,252;0.5,478;0.3
1390:40.7695284&-73.9796513*416;10.1,634;10.7,1391;6.5
1391:40.7697131&-73.9791543*401;11.4,424;3.8,1390;6.5
1392:40.7834881&-73.9645149*1385;1.3,389;0.6,1074;51.4,1397;0.9
1393:40.7958412&-73.9605816*231;1.1,491;3.5,95;14.2
1394:40.7716943&-73.973433*506;1.8
1395:40.7718885&-73.9733737*956;1.3
1396:40.7835986&-73.9645295*388;0.8,1189;12.4
1397:40.7835137&-73.9645833*388;0.7,1392;0.9
